# Mon 11:05:45 05-Jun-2017
begin	identify wrgnN20100401S0137[SCI,19][*,35]
	id	wrgnN20100401S0137[SCI,19]
	task	identify
	image	wrgnN20100401S0137[SCI,19][*,35]
	units	Angstrom
	features	25
	        212.85 24019.5445   24019.77   2.0 1 1 17   KH
	        235.66 23972.5756   23973.05   2.0 1 1 766   KH
	        265.06 23912.0214    23911.2   2.0 1 1 14   KH
	        294.54 23851.2894   23851.54   2.0 1 1 14   KH
	        325.23  23788.041   23787.79   2.0 1 1 10   KH
	        639.67 23139.3661   23139.51   2.0 1 1 14   KH
	        717.60 22978.3953   22978.36   2.0 1 1 54   KH
	        929.88 22539.4836   22539.74   2.0 1 1 9   KH
	       1064.25 22261.3522   22260.93   2.0 1 1 1769   KH
	       1086.43 22215.4229   22215.73   2.0 1 1 10   KH
	       1132.95 22119.0602 22118.6504   2.0 1 1 10   KH
	       1150.20 22083.3257   22083.21   2.0 1 1 1321   KH
	       1168.42 22045.5825   22045.57   2.0 1 1 259   KH
	       1302.01 21768.6578   21770.25   2.0 1 0 21   KH
	       1347.14 21675.0747   21675.89   2.0 1 1 21   KH
	       1412.15 21540.1801   21540.08   2.0 1 1 12   KH
	       1509.18 21338.7828    21338.7   2.0 1 1 153   KH
	       1554.55 21244.5683   21242.79   2.0 1 0 12   KH
	       1652.18 21041.7494 21041.5703   2.0 1 1 54   KH
	       1676.21 20991.8173   20991.83   2.0 1 1 12   KH
	       1760.40 20816.8141 20816.7109   2.0 1 1 9   KH
	       1797.58 20739.4876 20739.3008   2.0 1 1 11   KH
	       1839.27 20652.7857    20652.8   2.0 1 1 21   KH
	       1854.17 20621.7844    20621.9   2.0 1 1 12   KH
	       1997.98 20322.4961    20322.6   2.0 1 1 10   KH
	function chebyshev
	order 4
	sample *
	naverage 1
	niterate 10
	low_reject 3.
	high_reject 3.
	grow 0.
	coefficients	8
		1.
		4.
		212.8526611328125
		1997.978149414063
		22173.56298407082
		-1848.57247162897
		-2.54270118285687
		0.04829848237944212

# Mon 11:05:45 05-Jun-2017
begin	identify wrgnN20100401S0137[SCI,19][*,25]
	id	wrgnN20100401S0137[SCI,19]
	task	identify
	image	wrgnN20100401S0137[SCI,19][*,25]
	units	Angstroms
	features	25
	        212.42 24020.2981   24019.77   2.0 1 1 17   KH
	        235.67 23972.4234   23973.05   2.0 1 1 766   KH
	        265.47 23911.0406    23911.2   2.0 1 1 14   KH
	        294.48 23851.2871   23851.54   2.0 1 1 14   KH
	        325.04 23788.3245   23787.79   2.0 1 1 10   KH
	        639.65 23139.1757   23139.51   2.0 1 1 14   KH
	        717.23 22978.8747   22978.36   2.0 1 1 54   KH
	        929.46 22539.9213   22539.74   2.0 1 1 9   KH
	       1064.19 22260.9523   22260.93   2.0 1 1 1769   KH
	       1086.22 22215.3216   22215.73   2.0 1 1 10   KH
	       1132.94   22118.51 22118.6504   2.0 1 1 10   KH
	       1150.11 22082.9369   22083.21   2.0 1 1 1321   KH
	       1168.25 22045.3456   22045.57   2.0 1 1 259   KH
	       1300.73 21770.6702   21770.25   2.0 1 1 21   KH
	       1346.24 21676.2716   21675.89   2.0 1 1 21   KH
	       1412.07 21539.6999   21540.08   2.0 1 1 12   KH
	       1509.09  21338.327    21338.7   2.0 1 1 153   KH
	       1554.57 21243.9134   21242.79   2.0 1 1 12   KH
	       1652.03 21041.5281 21041.5703   2.0 1 1 54   KH
	       1676.10 20991.5248   20991.83   2.0 1 1 12   KH
	       1760.27 20816.6598 20816.7109   2.0 1 1 9   KH
	       1797.57 20739.1586 20739.3008   2.0 1 1 11   KH
	       1839.10 20652.8377    20652.8   2.0 1 1 21   KH
	       1854.06 20621.7522    20621.9   2.0 1 1 12   KH
	       1997.91 20322.7173    20322.6   2.0 1 1 10   KH
	function chebyshev
	order 4
	sample *
	naverage 1
	niterate 10
	low_reject 3.
	high_reject 3.
	grow 0.
	coefficients	8
		1.
		4.
		212.416259765625
		1997.908935546875
		22173.78946003605
		-1849.003850152798
		-2.281717367147952
		0.2134444068363141

# Mon 11:05:45 05-Jun-2017
begin	identify wrgnN20100401S0137[SCI,19][*,15]
	id	wrgnN20100401S0137[SCI,19]
	task	identify
	image	wrgnN20100401S0137[SCI,19][*,15]
	units	Angstroms
	features	24
	        212.90 24019.8771   24019.77   2.0 1 1 17   KH
	        235.67 23972.9696   23973.05   2.0 1 1 766   KH
	        265.83   23910.81    23911.2   2.0 1 1 14   KH
	        294.50 23851.7079   23851.54   2.0 1 1 14   KH
	        325.36 23788.0933   23787.79   2.0 1 1 10   KH
	        639.67 23139.3736   23139.51   2.0 1 1 14   KH
	        717.66 22978.2136   22978.36   2.0 1 1 54   KH
	        929.60 22539.8947   22539.74   2.0 1 1 9   KH
	       1063.92 22261.8075   22260.93   2.0 1 0 1769   KH
	       1086.54 22214.9548   22215.73   2.0 1 0 10   KH
	       1133.00 22118.7235 22118.6504   2.0 1 1 10   KH
	       1150.10 22083.2809   22083.21   2.0 1 1 1321   KH
	       1168.29 22045.5845   22045.57   2.0 1 1 259   KH
	       1346.61 21675.8698   21675.89   2.0 1 1 21   KH
	       1412.06  21540.083   21540.08   2.0 1 1 21   KH
	       1509.08 21338.7041    21338.7   2.0 1 1 12   KH
	       1555.43 21242.4645   21242.79   2.0 1 1 153   KH
	       1652.14 21041.5817 21041.5703   2.0 1 1 12   KH
	       1676.10 20991.8005   20991.83   2.0 1 1 54   KH
	       1760.24 20816.9109 20816.7109   2.0 1 1 12   KH
	       1797.56  20739.321 20739.3008   2.0 1 1 9   KH
	       1839.10 20652.9414    20652.8   2.0 1 1 11   KH
	       1854.06 20621.8287    20621.9   2.0 1 1 21   KH
	       1997.90 20322.5281    20322.6   2.0 1 1 12   KH
	function chebyshev
	order 4
	sample *
	naverage 1
	niterate 10
	low_reject 3.
	high_reject 3.
	grow 0.
	coefficients	8
		1.
		4.
		212.9029388427734
		1997.90478515625
		22173.54424720848
		-1848.721076002304
		-2.341654319519297
		0.04653960852769196

# Mon 11:05:45 05-Jun-2017
begin	identify wrgnN20100401S0137[SCI,19][*,5]
	id	wrgnN20100401S0137[SCI,19]
	task	identify
	image	wrgnN20100401S0137[SCI,19][*,5]
	units	Angstroms
	features	24
	        213.93 24017.7098   24019.77   2.0 1 0 17   KH
	        235.67 23972.8856   23973.05   2.0 1 1 766   KH
	        265.70 23910.9499    23911.2   2.0 1 1 14   KH
	        294.50 23851.5598   23851.54   2.0 1 1 14   KH
	        325.13 23788.3747   23787.79   2.0 1 1 10   KH
	        639.67   23139.06   23139.51   2.0 1 1 14   KH
	        717.44 22978.3614   22978.36   2.0 1 1 54   KH
	        929.33 22540.1959   22539.74   2.0 1 1 9   KH
	       1062.82 22263.9057   22260.93   2.0 1 0 1769   KH
	       1085.96 22215.9905   22215.73   2.0 1 1 10   KH
	       1133.02 22118.5302 22118.6504   2.0 1 1 10   KH
	       1150.11 22083.1304   22083.21   2.0 1 1 1321   KH
	       1168.23 22045.5801   22045.57   2.0 1 1 259   KH
	       1346.86 21675.3235   21675.89   2.0 1 1 21   KH
	       1412.06 21540.0786   21540.08   2.0 1 1 21   KH
	       1509.08  21338.735    21338.7   2.0 1 1 12   KH
	       1556.83 21239.5926   21242.79   2.0 1 0 153   KH
	       1652.09 21041.7281 21041.5703   2.0 1 1 12   KH
	       1676.11 20991.8189   20991.83   2.0 1 1 54   KH
	       1760.29 20816.8342 20816.7109   2.0 1 1 12   KH
	       1797.53 20739.4022 20739.3008   2.0 1 1 9   KH
	       1839.10 20652.9324    20652.8   2.0 1 1 11   KH
	       1854.05 20621.8296    20621.9   2.0 1 1 21   KH
	       1997.89 20322.4314    20322.6   2.0 1 1 12   KH
	function chebyshev
	order 4
	sample *
	naverage 1
	niterate 10
	low_reject 3.
	high_reject 3.
	grow 0.
	coefficients	8
		1.
		4.
		213.9287414550781
		1997.893798828125
		22172.37226756969
		-1847.561865485252
		-2.301645349610264
		-0.07732470000208778

# Mon 11:05:45 05-Jun-2017
begin	identify wrgnN20100401S0137[SCI,19][*,45]
	id	wrgnN20100401S0137[SCI,19]
	task	identify
	image	wrgnN20100401S0137[SCI,19][*,45]
	units	Angstroms
	features	23
	        212.82 24019.8875   24019.77   2.0 1 1 17   KH
	        235.72 23972.7314   23973.05   2.0 1 1 766   KH
	        265.46 23911.4603    23911.2   2.0 1 1 14   KH
	        294.56 23851.5079   23851.54   2.0 1 1 14   KH
	        324.49 23789.8235   23787.79   2.0 1 0 10   KH
	        639.72 23139.3428   23139.51   2.0 1 1 14   KH
	        717.55 22978.5154   22978.36   2.0 1 1 54   KH
	        929.69 22539.7695   22539.74   2.0 1 1 9   KH
	       1064.47 22260.7228   22260.93   2.0 1 1 1769   KH
	       1084.61 22219.0106   22215.73   2.0 1 0 10   KH
	       1133.00 22118.7521 22118.6504   2.0 1 1 10   KH
	       1150.16 22083.2007   22083.21   2.0 1 1 1321   KH
	       1168.32 22045.5666   22045.57   2.0 1 1 259   KH
	       1346.47  21676.172   21675.89   2.0 1 1 21   KH
	       1412.11 21539.9972   21540.08   2.0 1 1 21   KH
	       1509.13 21338.6084    21338.7   2.0 1 1 12   KH
	       1652.17 21041.5354 21041.5703   2.0 1 1 153   KH
	       1676.14 20991.7321   20991.83   2.0 1 1 12   KH
	       1760.32 20816.7969 20816.7109   2.0 1 1 54   KH
	       1797.60 20739.3043 20739.3008   2.0 1 1 12   KH
	       1839.18 20652.8622    20652.8   2.0 1 1 9   KH
	       1854.10 20621.8322    20621.9   2.0 1 1 11   KH
	       1997.96 20322.6146    20322.6   2.0 1 1 21   KH
	function chebyshev
	order 4
	sample *
	naverage 1
	niterate 10
	low_reject 3.
	high_reject 3.
	grow 0.
	coefficients	8
		1.
		4.
		212.8211364746094
		1997.962036132813
		22173.60282497503
		-1848.765128473064
		-2.351758361132631
		0.1286532934801089

# Mon 11:05:45 05-Jun-2017
begin	identify wrgnN20100401S0137[SCI,19][*,55]
	id	wrgnN20100401S0137[SCI,19]
	task	identify
	image	wrgnN20100401S0137[SCI,19][*,55]
	units	Angstroms
	features	22
	        212.85 24019.6024   24019.77   2.0 1 1 17   KH
	        235.63 23972.6802   23973.05   2.0 1 1 766   KH
	        265.09 23911.9767    23911.2   2.0 1 1 14   KH
	        294.45 23851.4851   23851.54   2.0 1 1 14   KH
	        639.65 23139.2187   23139.51   2.0 1 1 10   KH
	        717.66 22978.0261   22978.36   2.0 1 1 14   KH
	        929.40 22540.1277   22539.74   2.0 1 1 54   KH
	       1064.36 22260.7448   22260.93   2.0 1 1 9   KH
	       1085.42  22217.121   22215.73   2.0 1 0 1769   KH
	       1132.57 22119.4451 22118.6504   2.0 1 1 10   KH
	       1150.12 22083.0974   22083.21   2.0 1 1 10   KH
	       1168.27 22045.4791   22045.57   2.0 1 1 1321   KH
	       1346.59 21675.7828   21675.89   2.0 1 1 259   KH
	       1412.07 21539.9364   21540.08   2.0 1 1 21   KH
	       1509.09 21338.5757    21338.7   2.0 1 1 21   KH
	       1652.19 21041.4164 21041.5703   2.0 1 1 12   KH
	       1676.10 20991.7504   20991.83   2.0 1 1 153   KH
	       1760.27 20816.8364 20816.7109   2.0 1 1 12   KH
	       1797.53 20739.3922 20739.3008   2.0 1 1 54   KH
	       1839.13 20652.9154    20652.8   2.0 1 1 12   KH
	       1854.07 20621.8328    20621.9   2.0 1 1 9   KH
	       1997.95 20322.5905    20322.6   2.0 1 1 11   KH
	function chebyshev
	order 4
	sample *
	naverage 1
	niterate 10
	low_reject 3.
	high_reject 3.
	grow 0.
	coefficients	8
		1.
		4.
		212.8479156494141
		1997.947509765625
		22173.4193632244
		-1848.607039249956
		-2.322915712787567
		0.1010619079336921

# Mon 11:05:45 05-Jun-2017
begin	identify wrgnN20100401S0137[SCI,19][*,65]
	id	wrgnN20100401S0137[SCI,19]
	task	identify
	image	wrgnN20100401S0137[SCI,19][*,65]
	units	Angstroms
	features	20
	        212.75 24020.0878   24019.77   2.0 1 1 17   KH
	        235.67  23972.895   23973.05   2.0 1 1 766   KH
	        265.74 23910.9434    23911.2   2.0 1 1 14   KH
	        294.52 23851.6365   23851.54   2.0 1 1 14   KH
	        639.69 23139.4337   23139.51   2.0 1 1 10   KH
	        717.68 22978.2821   22978.36   2.0 1 1 14   KH
	        929.61 22539.9556   22539.74   2.0 1 1 54   KH
	       1086.28 22215.5712   22215.73   2.0 1 1 9   KH
	       1133.00 22118.7697 22118.6504   2.0 1 1 1769   KH
	       1150.15 22083.2411   22083.21   2.0 1 1 10   KH
	       1168.30 22045.6247   22045.57   2.0 1 1 10   KH
	       1412.10 21540.0312   21540.08   2.0 1 1 1321   KH
	       1509.10 21338.6784    21338.7   2.0 1 1 259   KH
	       1652.22 21041.4584 21041.5703   2.0 1 1 21   KH
	       1676.14 20991.7637   20991.83   2.0 1 1 21   KH
	       1760.33 20816.7872 20816.7109   2.0 1 1 12   KH
	       1797.61 20739.3015 20739.3008   2.0 1 1 153   KH
	       1839.17 20652.9052    20652.8   2.0 1 1 12   KH
	       1854.10  20621.852    20621.9   2.0 1 1 54   KH
	       1997.98  20322.604    20322.6   2.0 1 1 12   KH
	function chebyshev
	order 4
	sample *
	naverage 1
	niterate 10
	low_reject 3.
	high_reject 3.
	grow 0.
	coefficients	8
		1.
		4.
		212.7533721923828
		1997.978393554688
		22173.68490484209
		-1848.870004430933
		-2.339047516384417
		0.1281111562125932

