# Mon 11:05:46 05-Jun-2017
begin	identify wrgnN20100401S0137[SCI,24][*,35]
	id	wrgnN20100401S0137[SCI,24]
	task	identify
	image	wrgnN20100401S0137[SCI,24][*,35]
	units	Angstrom
	features	25
	        195.42  24019.442   24019.77   2.0 1 1 17   KH
	        218.29 23972.4201   23973.05   2.0 1 1 766   KH
	        247.86 23911.6032    23911.2   2.0 1 1 14   KH
	        277.16 23851.3223   23851.54   2.0 1 1 14   KH
	        307.55 23788.7664   23787.79   2.0 1 1 10   KH
	        622.38 23139.7274   23139.51   2.0 1 1 412   KH
	        700.44 22978.5171   22978.36   2.0 1 1 10   KH
	        913.24  22538.542   22539.74   2.0 1 1 9   KH
	       1046.93 22261.7675   22260.93   2.0 1 1 11   KH
	       1069.81 22214.3709   22215.73   2.0 1 1 10   KH
	       1115.81 22119.0805 22118.6504   2.0 1 1 1769   KH
	       1133.00  22083.441   22083.21   2.0 1 1 10   KH
	       1151.17  22045.801   22045.57   2.0 1 1 9   KH
	       1196.99 21950.8113   21947.81   2.0 1 0 19   KH
	       1329.38 21676.2403   21675.89   2.0 1 1 19   KH
	       1394.99 21540.1052   21540.08   2.0 1 1 11   KH
	       1492.05  21338.617 21338.6992   2.0 1 1 10   KH
	       1539.87 21239.3193   21242.79   2.0 1 0 12   KH
	       1634.95 21041.8137   21041.57   2.0 1 1 
	       1659.08 20991.6689   20991.83   2.0 1 1 12   KH
	       1743.29 20816.6662   20816.71   2.0 1 1 140   KH
	       1780.48 20739.3656 20739.3008   2.0 1 1 9   KH
	       1822.13 20652.7931    20652.8   2.0 1 1 2 NOAO
	       1837.07 20621.7347    20621.9   2.0 1 1 11   KH
	       1980.91 20322.6241    20322.6   2.0 1 1 10   KH
	function chebyshev
	order 4
	sample *
	naverage 1
	niterate 10
	low_reject 3.
	high_reject 3.
	grow 0.
	coefficients	8
		1.
		4.
		195.4236602783203
		1980.906982421875
		22173.69120055238
		-1848.692208518607
		-2.658153337583195
		0.2832246832498919

# Mon 11:05:46 05-Jun-2017
begin	identify wrgnN20100401S0137[SCI,24][*,25]
	id	wrgnN20100401S0137[SCI,24]
	task	identify
	image	wrgnN20100401S0137[SCI,24][*,25]
	units	Angstroms
	features	22
	        195.03 24020.4401   24019.77   2.0 1 1 17   KH
	        218.10 23972.9392   23973.05   2.0 1 1 766   KH
	        248.43 23910.4619    23911.2   2.0 1 1 14   KH
	        277.00 23851.6063   23851.54   2.0 1 1 14   KH
	        622.18 23139.6041   23139.51   2.0 1 1 10   KH
	        700.21 22978.3924   22978.36   2.0 1 1 412   KH
	       1047.10 22260.8037   22260.93   2.0 1 1 10   KH
	       1070.19 22212.9851   22215.73   2.0 1 0 9   KH
	       1115.65 22118.8319 22118.6504   2.0 1 1 11   KH
	       1132.90 22083.0927   22083.21   2.0 1 1 10   KH
	       1151.02 22045.5536   22045.57   2.0 1 1 1769   KH
	       1195.65 21953.0659   21947.81   2.0 1 0 10   KH
	       1329.12  21676.338   21675.89   2.0 1 1 9   KH
	       1394.89 21539.9034   21540.08   2.0 1 1 19   KH
	       1491.93 21338.5196 21338.6992   2.0 1 1 19   KH
	       1634.96 21041.5103   21041.57   2.0 1 1 11   KH
	       1658.95 20991.6793   20991.83   2.0 1 1 10   KH
	       1743.11 20816.8254   20816.71   2.0 1 1 12   KH
	       1780.38 20739.3596 20739.3008   2.0 1 1 
	       1821.98 20652.8931    20652.8   2.0 1 1 12   KH
	       1836.94 20621.7834    20621.9   2.0 1 1 140   KH
	       1980.79 20322.6321    20322.6   2.0 1 1 9   KH
	function chebyshev
	order 4
	sample *
	naverage 1
	niterate 10
	low_reject 3.
	high_reject 3.
	grow 0.
	coefficients	8
		1.
		4.
		195.0264282226562
		1980.79296875
		22173.9134671377
		-1849.039848870978
		-2.377332466086844
		0.1358366824685925

# Mon 11:05:46 05-Jun-2017
begin	identify wrgnN20100401S0137[SCI,24][*,15]
	id	wrgnN20100401S0137[SCI,24]
	task	identify
	image	wrgnN20100401S0137[SCI,24][*,15]
	units	Angstroms
	features	20
	        195.09 24019.9555   24019.77   2.0 1 1 17   KH
	        217.95 23972.8739   23973.05   2.0 1 1 766   KH
	        276.86   23851.53   23851.54   2.0 1 1 14   KH
	        622.03 23139.5111   23139.51   2.0 1 1 14   KH
	        700.05 22978.3321   22978.36   2.0 1 1 10   KH
	       1046.96 22260.7212   22260.93   2.0 1 1 412   KH
	       1068.68  22215.749   22215.73   2.0 1 1 10   KH
	       1115.38 22119.0084 22118.6504   2.0 1 1 9   KH
	       1132.72 22083.0881   22083.21   2.0 1 1 11   KH
	       1150.87 22045.4848   22045.57   2.0 1 1 10   KH
	       1328.96 21676.3123   21675.89   2.0 1 1 1769   KH
	       1394.70 21539.9308   21540.08   2.0 1 1 10   KH
	       1491.76 21338.5027 21338.6992   2.0 1 1 9   KH
	       1634.74 21041.6024   21041.57   2.0 1 1 19   KH
	       1658.80 20991.6271   20991.83   2.0 1 1 19   KH
	       1742.94 20816.7951   20816.71   2.0 1 1 11   KH
	       1780.12 20739.4998 20739.3008   2.0 1 1 10   KH
	       1821.83 20652.7955    20652.8   2.0 1 1 12   KH
	       1836.77 20621.7293    20621.9   2.0 1 1 
	       1980.57 20322.6513    20322.6   2.0 1 1 12   KH
	function chebyshev
	order 4
	sample *
	naverage 1
	niterate 10
	low_reject 3.
	high_reject 3.
	grow 0.
	coefficients	8
		1.
		4.
		195.0893096923828
		1980.5673828125
		22173.69578242789
		-1848.756310550914
		-2.392371593896741
		0.1042337551226033

# Mon 11:05:46 05-Jun-2017
begin	identify wrgnN20100401S0137[SCI,24][*,5]
	id	wrgnN20100401S0137[SCI,24]
	task	identify
	image	wrgnN20100401S0137[SCI,24][*,5]
	units	Angstroms
	features	18
	        217.88 23972.9204   23973.05   2.0 1 1 17   KH
	        276.67 23851.7436   23851.54   2.0 1 1 766   KH
	        621.93 23139.2831   23139.51   2.0 1 1 14   KH
	        699.77 22978.4753   22978.36   2.0 1 1 14   KH
	       1045.52 22263.3111   22260.93   2.0 1 0 10   KH
	       1115.26 22118.9079 22118.6504   2.0 1 1 412   KH
	       1132.56 22083.0609   22083.21   2.0 1 1 10   KH
	       1150.77 22045.3388   22045.57   2.0 1 1 9   KH
	       1328.81 21676.3268   21675.89   2.0 1 1 11   KH
	       1394.54 21540.0025   21540.08   2.0 1 1 10   KH
	       1491.61 21338.5694 21338.6992   2.0 1 1 1769   KH
	       1634.64 21041.5735   21041.57   2.0 1 1 10   KH
	       1658.67  20991.658   20991.83   2.0 1 1 9   KH
	       1742.85 20816.7089   20816.71   2.0 1 1 19   KH
	       1780.00 20739.4895 20739.3008   2.0 1 1 19   KH
	       1821.70 20652.7936    20652.8   2.0 1 1 11   KH
	       1836.62 20621.7569    20621.9   2.0 1 1 10   KH
	       1980.38 20322.6614    20322.6   2.0 1 1 12   KH
	function chebyshev
	order 4
	sample *
	naverage 1
	niterate 10
	low_reject 3.
	high_reject 3.
	grow 0.
	coefficients	8
		1.
		4.
		217.8751525878906
		1980.379028320312
		22150.05243773361
		-1825.124352015398
		-2.261570096205604
		-0.005155092654331241

# Mon 11:05:46 05-Jun-2017
begin	identify wrgnN20100401S0137[SCI,24][*,45]
	id	wrgnN20100401S0137[SCI,24]
	task	identify
	image	wrgnN20100401S0137[SCI,24][*,45]
	units	Angstroms
	features	23
	        195.83  24019.846   24019.77   2.0 1 1 17   KH
	        218.61  23972.931   23973.05   2.0 1 1 766   KH
	        248.61 23911.1275    23911.2   2.0 1 1 14   KH
	        277.42 23851.7454   23851.54   2.0 1 1 14   KH
	        307.68 23789.3858   23787.79   2.0 1 0 10   KH
	        622.72 23139.3652   23139.51   2.0 1 1 412   KH
	        700.73  22978.203   22978.36   2.0 1 1 10   KH
	       1047.41 22261.0899   22260.93   2.0 1 1 9   KH
	       1116.05 22118.9384 22118.6504   2.0 1 1 11   KH
	       1133.24 22083.3258   22083.21   2.0 1 1 10   KH
	       1151.50 22045.4974   22045.57   2.0 1 1 1769   KH
	       1198.30 21948.5091   21947.81   2.0 1 0 10   KH
	       1329.96 21675.5486   21675.89   2.0 1 1 9   KH
	       1395.22 21540.1891   21540.08   2.0 1 1 19   KH
	       1492.28 21338.7587 21338.6992   2.0 1 1 19   KH
	       1541.47 21236.6281   21242.79   2.0 1 0 11   KH
	       1635.47 21041.3949   21041.57   2.0 1 1 10   KH
	       1659.33 20991.8166   20991.83   2.0 1 1 12   KH
	       1743.61 20816.6755   20816.71   2.0 1 1 
	       1780.81 20739.3293 20739.3008   2.0 1 1 12   KH
	       1822.38    20652.9    20652.8   2.0 1 1 140   KH
	       1837.31 20621.8426    20621.9   2.0 1 1 9   KH
	       1981.13 20322.6454    20322.6   2.0 1 1 2 NOAO
	function chebyshev
	order 4
	sample *
	naverage 1
	niterate 10
	low_reject 3.
	high_reject 3.
	grow 0.
	coefficients	8
		1.
		4.
		195.8342742919922
		1981.125732421875
		22173.64085812843
		-1848.646834528333
		-2.395160973993935
		0.04655721433710416

# Mon 11:05:46 05-Jun-2017
begin	identify wrgnN20100401S0137[SCI,24][*,55]
	id	wrgnN20100401S0137[SCI,24]
	task	identify
	image	wrgnN20100401S0137[SCI,24][*,55]
	units	Angstroms
	features	21
	        218.83 23972.4008   23973.05   2.0 1 1 17   KH
	        248.02 23912.2937    23911.2   2.0 1 1 766   KH
	        277.71 23851.1221   23851.54   2.0 1 1 14   KH
	        308.37 23787.9404   23787.79   2.0 1 1 14   KH
	        622.91 23139.0555   23139.51   2.0 1 1 10   KH
	        700.70 22978.3779   22978.36   2.0 1 1 412   KH
	       1047.33 22261.4895   22260.93   2.0 1 1 10   KH
	       1116.26  22118.743 22118.6504   2.0 1 1 9   KH
	       1133.52 22082.9905   22083.21   2.0 1 1 11   KH
	       1151.73 22045.2842   22045.57   2.0 1 1 10   KH
	       1329.67 21676.4734   21675.89   2.0 1 1 1769   KH
	       1395.49 21539.9512   21540.08   2.0 1 1 10   KH
	       1492.58 21338.5007 21338.6992   2.0 1 1 9   KH
	       1542.62 21234.6309   21242.79   2.0 1 0 19   KH
	       1635.63 21041.4875   21041.57   2.0 1 1 19   KH
	       1659.62  20991.649   20991.83   2.0 1 1 11   KH
	       1743.84 20816.6618   20816.71   2.0 1 1 10   KH
	       1780.98 20739.4756 20739.3008   2.0 1 1 12   KH
	       1822.68 20652.7793    20652.8   2.0 1 1 
	       1837.59 20621.7767    20621.9   2.0 1 1 12   KH
	       1981.36 20322.7374    20322.6   2.0 1 1 140   KH
	function chebyshev
	order 4
	sample *
	naverage 1
	niterate 10
	low_reject 3.
	high_reject 3.
	grow 0.
	coefficients	8
		1.
		4.
		218.8348999023437
		1981.362915039063
		22149.89367157934
		-1824.893806478331
		-2.324550100039351
		0.06208566261269078

# Mon 11:05:46 05-Jun-2017
begin	identify wrgnN20100401S0137[SCI,24][*,65]
	id	wrgnN20100401S0137[SCI,24]
	task	identify
	image	wrgnN20100401S0137[SCI,24][*,65]
	units	Angstroms
	features	19
	        218.98 23972.5468   23973.05   2.0 1 1 17   KH
	        248.36 23912.0271    23911.2   2.0 1 1 766   KH
	        277.88 23851.2229   23851.54   2.0 1 1 14   KH
	        623.04 23139.3931   23139.51   2.0 1 1 14   KH
	        700.94  22978.513   22978.36   2.0 1 1 10   KH
	       1116.62 22118.6922 22118.6504   2.0 1 1 412   KH
	       1133.74 22083.2201   22083.21   2.0 1 1 10   KH
	       1151.88 22045.6456   22045.57   2.0 1 1 9   KH
	       1330.45 21675.5217   21675.89   2.0 1 1 11   KH
	       1395.70 21540.1716   21540.08   2.0 1 1 10   KH
	       1492.78 21338.6869 21338.6992   2.0 1 1 1769   KH
	       1543.19 21234.0293   21242.79   2.0 1 0 10   KH
	       1635.92  21041.408   21041.57   2.0 1 1 9   KH
	       1659.81 20991.7641   20991.83   2.0 1 1 19   KH
	       1743.90  20816.982   20816.71   2.0 1 1 19   KH
	       1781.09 20739.6527 20739.3008   2.0 1 1 11   KH
	       1822.83 20652.8448    20652.8   2.0 1 1 10   KH
	       1837.79 20621.7344    20621.9   2.0 1 1 12   KH
	       1981.61 20322.4436    20322.6   2.0 1 1 
	function chebyshev
	order 4
	sample *
	naverage 1
	niterate 10
	low_reject 3.
	high_reject 3.
	grow 0.
	coefficients	8
		1.
		4.
		218.9770812988282
		1981.606689453125
		22150.00049922423
		-1825.08544878633
		-2.505319972160924
		0.03382051913273574

