# Mon 11:05:41 05-Jun-2017
begin	identify wrgnN20100401S0137[SCI,2][*,35]
	id	wrgnN20100401S0137[SCI,2]
	task	identify
	image	wrgnN20100401S0137[SCI,2][*,35]
	units	Angstrom
	features	24
	        230.93 24019.9478   24019.77   2.0 1 1 17   KH
	        253.85 23972.7336   23973.05   2.0 1 1 766   KH
	        283.62 23911.4125    23911.2   2.0 1 1 14   KH
	        312.72 23851.4711 23851.5391   2.0 1 1 
	        657.92 23139.4004 23139.5098   2.0 1 1 
	        735.80  22978.537   22978.36   2.0 1 1 54   KH
	        948.12 22539.5574   22539.74   2.0 1 1 9   KH
	       1082.96 22260.4693   22260.93   2.0 1 1 11   KH
	       1104.41 22216.0453   22215.73   2.0 1 1 11   KH
	       1151.36 22118.7995 22118.6504   2.0 1 1 11   KH
	       1168.50 22083.2847   22083.21   2.0 1 1 10   KH
	       1186.64 22045.6908 22045.5703   2.0 1 1 1321   KH
	       1233.25 21949.1164   21947.81   2.0 1 0 19   KH
	       1321.43  21766.286   21770.25   2.0 1 0 21   KH
	       1430.43 21540.1826   21540.08   2.0 1 1 19   KH
	       1527.49 21338.6969 21338.6992   2.0 1 1 21   KH
	       1572.12 21246.0218   21242.79   2.0 1 0 12   KH
	       1670.82 21040.9666   21041.57   2.0 1 1 42   KH
	       1694.44 20991.8677   20991.83   2.0 1 1 19   KH
	       1778.63 20816.8382   20816.71   2.0 1 1 12   KH
	       1815.76 20739.6096 20739.3008   2.0 1 1 42   KH
	       1857.44 20652.9008 20652.8008   2.0 1 1 21   KH
	       1872.40 20621.7899    20621.9   2.0 1 1 
	       2016.15 20322.5487    20322.6   2.0 1 1 19   KH
	function chebyshev
	order 4
	sample *
	naverage 1
	niterate 10
	low_reject 3.
	high_reject 3.
	grow 0.
	coefficients	8
		1.
		4.
		230.9269866943359
		2016.152221679687
		22173.83493667364
		-1848.725966072119
		-2.586699313473524
		0.0263930678296351

# Mon 11:05:41 05-Jun-2017
begin	identify wrgnN20100401S0137[SCI,2][*,25]
	id	wrgnN20100401S0137[SCI,2]
	task	identify
	image	wrgnN20100401S0137[SCI,2][*,25]
	units	Angstroms
	features	20
	        231.45  24019.921   24019.77   2.0 1 1 17   KH
	        254.27 23972.8713   23973.05   2.0 1 1 766   KH
	        313.11 23851.5827 23851.5391   2.0 1 1 14   KH
	        658.35 23139.1181 23139.5098   2.0 1 1 
	        736.03 22978.6505   22978.36   2.0 1 1 
	        948.14 22540.0942   22539.74   2.0 1 1 54   KH
	       1082.95 22261.0941   22260.93   2.0 1 1 9   KH
	       1151.77 22118.5751 22118.6504   2.0 1 1 11   KH
	       1168.96 22082.9683   22083.21   2.0 1 1 11   KH
	       1187.06 22045.4653 22045.5703   2.0 1 1 11   KH
	       1231.89 21952.5964   21947.81   2.0 1 0 10   KH
	       1318.49 21773.0893   21770.25   2.0 1 0 1321   KH
	       1430.90 21539.9391   21540.08   2.0 1 1 19   KH
	       1527.90 21338.6251 21338.6992   2.0 1 1 21   KH
	       1694.90 20991.7371   20991.83   2.0 1 1 19   KH
	       1779.02 20816.8689   20816.71   2.0 1 1 21   KH
	       1816.10 20739.7629 20739.3008   2.0 1 1 12   KH
	       1857.88 20652.8375 20652.8008   2.0 1 1 42   KH
	       1872.86 20621.6839    20621.9   2.0 1 1 19   KH
	       2016.59 20322.4553    20322.6   2.0 1 1 12   KH
	function chebyshev
	order 4
	sample *
	naverage 1
	niterate 10
	low_reject 3.
	high_reject 3.
	grow 0.
	coefficients	8
		1.
		4.
		231.4463348388672
		2016.592651367187
		22173.61808422912
		-1848.656399233722
		-2.429931764884158
		-0.07645140206360643

# Mon 11:05:41 05-Jun-2017
begin	identify wrgnN20100401S0137[SCI,2][*,15]
	id	wrgnN20100401S0137[SCI,2]
	task	identify
	image	wrgnN20100401S0137[SCI,2][*,15]
	units	Angstroms
	features	18
	        254.78 23972.9624   23973.05   2.0 1 1 17   KH
	        313.65 23851.6305 23851.5391   2.0 1 1 766   KH
	        658.85 23139.3179 23139.5098   2.0 1 1 14   KH
	        736.61 22978.6443   22978.36   2.0 1 1 
	        948.80 22539.8399   22539.74   2.0 1 1 
	       1083.68 22260.6351   22260.93   2.0 1 1 54   KH
	       1152.11 22118.8779 22118.6504   2.0 1 1 9   KH
	       1169.38 22083.1034   22083.21   2.0 1 1 11   KH
	       1187.54 22045.4632 22045.5703   2.0 1 1 11   KH
	       1319.56 21771.7898   21770.25   2.0 1 0 11   KH
	       1431.24  21540.105   21540.08   2.0 1 1 10   KH
	       1528.24 21338.7386 21338.6992   2.0 1 1 1321   KH
	       1695.28 20991.7112   20991.83   2.0 1 1 19   KH
	       1779.38 20816.8725   20816.71   2.0 1 1 21   KH
	       1816.64 20739.3927 20739.3008   2.0 1 1 19   KH
	       1858.24 20652.8433 20652.8008   2.0 1 1 21   KH
	       1873.16 20621.8082    20621.9   2.0 1 1 12   KH
	       2016.94 20322.5342    20322.6   2.0 1 1 42   KH
	function chebyshev
	order 4
	sample *
	naverage 1
	niterate 10
	low_reject 3.
	high_reject 3.
	grow 0.
	coefficients	8
		1.
		4.
		254.7774200439453
		2016.936645507813
		22150.15030154476
		-1825.223638680523
		-2.401997149071088
		0.009552101982701715

# Mon 11:05:41 05-Jun-2017
begin	identify wrgnN20100401S0137[SCI,2][*,5]
	id	wrgnN20100401S0137[SCI,2]
	task	identify
	image	wrgnN20100401S0137[SCI,2][*,5]
	units	Angstroms
	features	16
	        254.98 23973.0484   23973.05   2.0 1 1 17   KH
	        313.91 23851.5914 23851.5391   2.0 1 1 766   KH
	        659.05 23139.3982 23139.5098   2.0 1 1 14   KH
	        737.03 22978.2801   22978.36   2.0 1 1 
	       1083.69 22261.1859   22260.93   2.0 1 1 
	       1152.39 22118.9039 22118.6504   2.0 1 1 54   KH
	       1169.69 22083.0629   22083.21   2.0 1 1 9   KH
	       1187.84 22045.4617 22045.5703   2.0 1 1 11   KH
	       1431.61 21540.0028   21540.08   2.0 1 1 11   KH
	       1528.62 21338.6365 21338.6992   2.0 1 1 11   KH
	       1695.61 20991.7675   20991.83   2.0 1 1 10   KH
	       1779.81 20816.7296   20816.71   2.0 1 1 1321   KH
	       1816.94 20739.5069 20739.3008   2.0 1 1 19   KH
	       1858.67 20652.7038 20652.8008   2.0 1 1 21   KH
	       1873.51 20621.8264    20621.9   2.0 1 1 19   KH
	       2017.25 20322.6343    20322.6   2.0 1 1 21   KH
	function chebyshev
	order 4
	sample *
	naverage 1
	niterate 10
	low_reject 3.
	high_reject 3.
	grow 0.
	coefficients	8
		1.
		4.
		254.9794464111329
		2017.250366210937
		22150.22733966375
		-1825.189371346203
		-2.385998170754827
		-0.01771760583960846

# Mon 11:05:41 05-Jun-2017
begin	identify wrgnN20100401S0137[SCI,2][*,45]
	id	wrgnN20100401S0137[SCI,2]
	task	identify
	image	wrgnN20100401S0137[SCI,2][*,45]
	units	Angstroms
	features	21
	        230.50 24019.8928   24019.77   2.0 1 1 17   KH
	        253.31 23972.9423   23973.05   2.0 1 1 766   KH
	        312.25 23851.5484 23851.5391   2.0 1 1 14   KH
	        657.51 23139.3879 23139.5098   2.0 1 1 
	        735.42 22978.4375   22978.36   2.0 1 1 
	        947.68 22539.5215   22539.74   2.0 1 1 54   KH
	       1082.89 22259.6019   22260.93   2.0 1 0 9   KH
	       1103.96 22215.9586   22215.73   2.0 1 1 11   KH
	       1150.90  22118.721 22118.6504   2.0 1 1 11   KH
	       1168.04 22083.1993   22083.21   2.0 1 1 11   KH
	       1186.14 22045.7036 22045.5703   2.0 1 1 10   KH
	       1233.06 21948.4487   21947.81   2.0 1 0 1321   KH
	       1429.99 21539.9824   21540.08   2.0 1 1 19   KH
	       1527.03 21338.5628 21338.6992   2.0 1 1 21   KH
	       1669.97 21041.6645   21041.57   2.0 1 1 19   KH
	       1694.02 20991.6892   20991.83   2.0 1 1 21   KH
	       1778.19 20816.7445   20816.71   2.0 1 1 12   KH
	       1815.36   20739.46 20739.3008   2.0 1 1 42   KH
	       1857.03 20652.8273 20652.8008   2.0 1 1 19   KH
	       1871.98 20621.7291    20621.9   2.0 1 1 12   KH
	       2015.74 20322.6475    20322.6   2.0 1 1 42   KH
	function chebyshev
	order 4
	sample *
	naverage 1
	niterate 10
	low_reject 3.
	high_reject 3.
	grow 0.
	coefficients	8
		1.
		4.
		230.5021057128906
		2015.743530273438
		22173.76800771775
		-1848.756102245832
		-2.497870807864163
		0.1334361970323866

# Mon 11:05:41 05-Jun-2017
begin	identify wrgnN20100401S0137[SCI,2][*,55]
	id	wrgnN20100401S0137[SCI,2]
	task	identify
	image	wrgnN20100401S0137[SCI,2][*,55]
	units	Angstroms
	features	19
	        230.15 24019.8866   24019.77   2.0 1 1 17   KH
	        252.97 23972.8988   23973.05   2.0 1 1 766   KH
	        311.88 23851.5393 23851.5391   2.0 1 1 14   KH
	        657.02 23139.5698 23139.5098   2.0 1 1 
	        735.04 22978.4116   22978.36   2.0 1 1 
	       1081.88 22260.9178   22260.93   2.0 1 1 54   KH
	       1103.03  22217.113   22215.73   2.0 1 0 9   KH
	       1150.66 22118.4482 22118.6504   2.0 1 1 11   KH
	       1167.65 22083.2419   22083.21   2.0 1 1 11   KH
	       1185.82 22045.5946 22045.5703   2.0 1 1 11   KH
	       1429.57 21540.1018   21540.08   2.0 1 1 10   KH
	       1526.56 21338.7498 21338.6992   2.0 1 1 1321   KH
	       1669.55 21041.7138   21041.57   2.0 1 1 19   KH
	       1693.61 20991.7018   20991.83   2.0 1 1 21   KH
	       1777.81 20816.6668   20816.71   2.0 1 1 19   KH
	       1814.97 20739.3827 20739.3008   2.0 1 1 21   KH
	       1856.49 20652.9987 20652.8008   2.0 1 1 12   KH
	       1871.56 20621.6634    20621.9   2.0 1 1 42   KH
	       2015.25 20322.5932    20322.6   2.0 1 1 19   KH
	function chebyshev
	order 4
	sample *
	naverage 1
	niterate 10
	low_reject 3.
	high_reject 3.
	grow 0.
	coefficients	8
		1.
		4.
		230.1482391357422
		2015.247680664062
		22173.80564067814
		-1848.708403766996
		-2.565763502708519
		0.06168928392490061

# Mon 11:05:41 05-Jun-2017
begin	identify wrgnN20100401S0137[SCI,2][*,65]
	id	wrgnN20100401S0137[SCI,2]
	task	identify
	image	wrgnN20100401S0137[SCI,2][*,65]
	units	Angstroms
	features	18
	        252.53 23973.0196   23973.05   2.0 1 1 17   KH
	        311.41 23851.6421 23851.5391   2.0 1 1 766   KH
	        656.65 23139.2014 23139.5098   2.0 1 1 14   KH
	        734.43 22978.5021   22978.36   2.0 1 1 
	       1081.25 22261.1074   22260.93   2.0 1 1 
	       1104.57 22212.8153   22215.73   2.0 1 0 54   KH
	       1149.99 22118.7369 22118.6504   2.0 1 1 9   KH
	       1167.18 22083.1293   22083.21   2.0 1 1 11   KH
	       1185.33 22045.5273 22045.5703   2.0 1 1 11   KH
	       1429.11 21540.1261   21540.08   2.0 1 1 11   KH
	       1526.14 21338.7733 21338.6992   2.0 1 1 10   KH
	       1669.40 21041.2734   21041.57   2.0 1 1 1321   KH
	       1693.23 20991.7776   20991.83   2.0 1 1 19   KH
	       1777.42 20816.8004   20816.71   2.0 1 1 21   KH
	       1814.70 20739.2978 20739.3008   2.0 1 1 19   KH
	       1856.23 20652.9353 20652.8008   2.0 1 1 21   KH
	       1871.18 20621.8499    20621.9   2.0 1 1 12   KH
	       2015.00 20322.6107    20322.6   2.0 1 1 42   KH
	function chebyshev
	order 4
	sample *
	naverage 1
	niterate 10
	low_reject 3.
	high_reject 3.
	grow 0.
	coefficients	8
		1.
		4.
		252.5300445556641
		2014.99755859375
		22150.08264916833
		-1825.196371089119
		-2.267511388140465
		-0.008047862986373331

