# Mon 11:05:42 05-Jun-2017
begin	identify wrgnN20100401S0137[SCI,3][*,35]
	id	wrgnN20100401S0137[SCI,3]
	task	identify
	image	wrgnN20100401S0137[SCI,3][*,35]
	units	Angstrom
	features	24
	        231.73  24019.987   24019.77   2.0 1 1 17   KH
	        254.59 23972.8771   23973.05   2.0 1 1 766   KH
	        284.46 23911.3035    23911.2   2.0 1 1 14   KH
	        313.50 23851.4393   23851.54   2.0 1 1 1769   KH
	        658.61 23139.1598   23139.51   2.0 1 1 412   KH
	        736.42 22978.3785   22978.36   2.0 1 1 54   KH
	        948.26  22540.283   22539.74   2.0 1 1 9   KH
	       1104.82 22216.1704   22215.73   2.0 1 1 10   KH
	       1152.00 22118.4451   22118.65   2.0 1 1 68   KH
	       1169.22 22082.7645   22083.21   2.0 1 1 10   KH
	       1187.43 22045.0348   22045.57   2.0 1 1 9   KH
	       1232.63 21951.3579   21947.81   2.0 1 0 19   KH
	       1319.53  21771.229   21770.25   2.0 1 1 21   KH
	       1365.57 21675.7399   21675.89   2.0 1 1 12   KH
	       1431.14 21539.7188   21540.08   2.0 1 1 68   KH
	       1528.14 21338.4087 21338.6992   2.0 1 1 21   KH
	       1573.94 21243.3329   21242.79   2.0 1 1 12   KH
	       1671.10 21041.5449   21041.57   2.0 1 1 42   KH
	       1695.11 20991.6479   20991.83   2.0 1 1 259   KH
	       1779.35 20816.5779   20816.71   2.0 1 1 21   KH
	       1816.49 20739.3803 20739.3008   2.0 1 1 12   KH
	       1858.13 20652.7936    20652.8   2.0 1 1 2 NOAO
	       1873.02 20621.8318    20621.9   2.0 1 1 832   KH
	       2016.80 20322.7012    20322.6   2.0 1 1 
	function chebyshev
	order 4
	sample *
	naverage 1
	niterate 10
	low_reject 3.
	high_reject 3.
	grow 0.
	coefficients	8
		1.
		4.
		231.7329406738281
		2016.799438476563
		22173.61669397575
		-1848.660554530674
		-2.272597816614278
		0.01767015391464236

# Mon 11:05:42 05-Jun-2017
begin	identify wrgnN20100401S0137[SCI,3][*,25]
	id	wrgnN20100401S0137[SCI,3]
	task	identify
	image	wrgnN20100401S0137[SCI,3][*,25]
	units	Angstroms
	features	20
	        232.13   24019.99   24019.77   2.0 1 1 17   KH
	        255.00 23972.8657   23973.05   2.0 1 1 766   KH
	        313.91 23851.4549   23851.54   2.0 1 1 14   KH
	        659.04 23139.3302   23139.51   2.0 1 1 1769   KH
	        736.79  22978.712   22978.36   2.0 1 1 412   KH
	       1104.80 22217.3851   22215.73   2.0 1 0 54   KH
	       1152.37  22118.842   22118.65   2.0 1 1 9   KH
	       1169.67 22083.0002   22083.21   2.0 1 1 10   KH
	       1187.82 22045.3971   22045.57   2.0 1 1 68   KH
	       1231.90  21954.053   21947.81   2.0 1 0 10   KH
	       1431.56 21539.9743   21540.08   2.0 1 1 9   KH
	       1528.63 21338.4935 21338.6992   2.0 1 1 19   KH
	       1574.52 21243.1874   21242.79   2.0 1 1 21   KH
	       1671.51 21041.6937   21041.57   2.0 1 1 12   KH
	       1695.55 20991.7296   20991.83   2.0 1 1 68   KH
	       1779.73 20816.7236   20816.71   2.0 1 1 21   KH
	       1816.88 20739.4435 20739.3008   2.0 1 1 12   KH
	       1858.56 20652.7459    20652.8   2.0 1 1 42   KH
	       1873.46 20621.7511    20621.9   2.0 1 1 259   KH
	       2017.16 20322.6055    20322.6   2.0 1 1 21   KH
	function chebyshev
	order 4
	sample *
	naverage 1
	niterate 10
	low_reject 3.
	high_reject 3.
	grow 0.
	coefficients	8
		1.
		4.
		232.1289978027344
		2017.1640625
		22173.78779878437
		-1848.683934440053
		-2.49004024623264
		-0.008290099959451271

# Mon 11:05:42 05-Jun-2017
begin	identify wrgnN20100401S0137[SCI,3][*,15]
	id	wrgnN20100401S0137[SCI,3]
	task	identify
	image	wrgnN20100401S0137[SCI,3][*,15]
	units	Angstroms
	features	17
	        232.63 24019.7401   24019.77   2.0 1 1 17   KH
	        255.39  23972.866   23973.05   2.0 1 1 766   KH
	        314.14 23851.8018   23851.54   2.0 1 1 14   KH
	        659.39  23139.485   23139.51   2.0 1 1 1769   KH
	        737.40 22978.3178   22978.36   2.0 1 1 412   KH
	       1152.77 22118.7848   22118.65   2.0 1 1 54   KH
	       1169.96 22083.1503   22083.21   2.0 1 1 9   KH
	       1188.08 22045.6014   22045.57   2.0 1 1 10   KH
	       1431.89 21539.9694   21540.08   2.0 1 1 68   KH
	       1528.90 21338.5999 21338.6992   2.0 1 1 10   KH
	       1671.90 21041.5494   21041.57   2.0 1 1 9   KH
	       1695.89  20991.693   20991.83   2.0 1 1 19   KH
	       1779.98 20816.8937   20816.71   2.0 1 1 21   KH
	       1817.15 20739.6022 20739.3008   2.0 1 1 12   KH
	       1858.80  20652.963    20652.8   2.0 1 1 68   KH
	       1873.86 20621.6374    20621.9   2.0 1 1 21   KH
	       2017.61 20322.4949    20322.6   2.0 1 1 12   KH
	function chebyshev
	order 4
	sample *
	naverage 1
	niterate 10
	low_reject 3.
	high_reject 3.
	grow 0.
	coefficients	8
		1.
		4.
		232.6282806396484
		2017.610961914062
		22173.58924004652
		-1848.694217648146
		-2.471760644141016
		0.071643585333539

# Mon 11:05:42 05-Jun-2017
begin	identify wrgnN20100401S0137[SCI,3][*,5]
	id	wrgnN20100401S0137[SCI,3]
	task	identify
	image	wrgnN20100401S0137[SCI,3][*,5]
	units	Angstroms
	features	16
	        232.53  24020.268   24019.77   2.0 1 1 17   KH
	        255.69 23972.5906   23973.05   2.0 1 1 766   KH
	        314.52 23851.4536   23851.54   2.0 1 1 14   KH
	        659.69 23139.5343   23139.51   2.0 1 1 1769   KH
	       1153.05 22118.7815   22118.65   2.0 1 1 412   KH
	       1170.20 22083.2451   22083.21   2.0 1 1 54   KH
	       1188.42 22045.4841   22045.57   2.0 1 1 9   KH
	       1432.08 21540.0803   21540.08   2.0 1 1 10   KH
	       1529.17 21338.5272 21338.6992   2.0 1 1 68   KH
	       1671.98 21041.8773   21041.57   2.0 1 1 10   KH
	       1696.12 20991.7086   20991.83   2.0 1 1 9   KH
	       1780.31 20816.7246   20816.71   2.0 1 1 19   KH
	       1817.55  20739.298 20739.3008   2.0 1 1 21   KH
	       1859.16 20652.7676    20652.8   2.0 1 1 12   KH
	       1874.07 20621.7689    20621.9   2.0 1 1 68   KH
	       2017.85 20322.6803    20322.6   2.0 1 1 21   KH
	function chebyshev
	order 4
	sample *
	naverage 1
	niterate 10
	low_reject 3.
	high_reject 3.
	grow 0.
	coefficients	8
		1.
		4.
		232.5254669189453
		2017.847778320312
		22173.99632188562
		-1848.984372945464
		-2.522186472665082
		0.1905054809842751

# Mon 11:05:42 05-Jun-2017
begin	identify wrgnN20100401S0137[SCI,3][*,45]
	id	wrgnN20100401S0137[SCI,3]
	task	identify
	image	wrgnN20100401S0137[SCI,3][*,45]
	units	Angstroms
	features	21
	        230.98 24019.9992   24019.77   2.0 1 1 17   KH
	        254.07 23972.4658   23973.05   2.0 1 1 766   KH
	        283.48 23911.9131    23911.2   2.0 1 1 14   KH
	        312.98 23851.1789   23851.54   2.0 1 1 1769   KH
	        658.11 23139.4096   23139.51   2.0 1 1 412   KH
	        948.05 22540.0462   22539.74   2.0 1 1 54   KH
	       1151.51 22118.7591   22118.65   2.0 1 1 9   KH
	       1168.76 22083.0106   22083.21   2.0 1 1 10   KH
	       1186.90 22045.4162   22045.57   2.0 1 1 68   KH
	       1232.55 21950.7971   21947.81   2.0 1 0 10   KH
	       1364.18 21677.8332   21675.89   2.0 1 0 9   KH
	       1430.72 21539.7686   21540.08   2.0 1 1 19   KH
	       1527.69 21338.4749 21338.6992   2.0 1 1 21   KH
	       1573.33  21243.701   21242.79   2.0 1 1 12   KH
	       1670.61 21041.6188   21041.57   2.0 1 1 68   KH
	       1694.69  20991.589   20991.83   2.0 1 1 21   KH
	       1778.86 20816.6346   20816.71   2.0 1 1 12   KH
	       1816.00  20739.416 20739.3008   2.0 1 1 42   KH
	       1857.68 20652.7476    20652.8   2.0 1 1 259   KH
	       1872.64 20621.6441    20621.9   2.0 1 1 21   KH
	       2016.32 20322.7268    20322.6   2.0 1 1 12   KH
	function chebyshev
	order 4
	sample *
	naverage 1
	niterate 10
	low_reject 3.
	high_reject 3.
	grow 0.
	coefficients	8
		1.
		4.
		230.9750061035156
		2016.321533203125
		22173.91878028606
		-1848.790245533554
		-2.555790637935292
		0.1540313690105163

# Mon 11:05:42 05-Jun-2017
begin	identify wrgnN20100401S0137[SCI,3][*,55]
	id	wrgnN20100401S0137[SCI,3]
	task	identify
	image	wrgnN20100401S0137[SCI,3][*,55]
	units	Angstroms
	features	19
	        230.27 24020.7172   24019.77   2.0 1 1 17   KH
	        253.71 23972.4901   23973.05   2.0 1 1 766   KH
	        283.53  23911.126    23911.2   2.0 1 1 14   KH
	        312.66 23851.1479   23851.54   2.0 1 1 1769   KH
	        657.78 23139.4258   23139.51   2.0 1 1 412   KH
	       1151.00 22118.9224   22118.65   2.0 1 1 54   KH
	       1168.25 22083.1759   22083.21   2.0 1 1 9   KH
	       1186.44 22045.4713   22045.57   2.0 1 1 10   KH
	       1232.38 21950.2288   21947.81   2.0 1 0 68   KH
	       1364.33 21676.5585   21675.89   2.0 1 1 10   KH
	       1430.21 21539.8378   21540.08   2.0 1 1 9   KH
	       1527.18 21338.5409 21338.6992   2.0 1 1 19   KH
	       1670.18 21041.5587   21041.57   2.0 1 1 21   KH
	       1694.27 20991.5033   20991.83   2.0 1 1 12   KH
	       1778.41 20816.6813   20816.71   2.0 1 1 68   KH
	       1815.69 20739.1872 20739.3008   2.0 1 1 21   KH
	       1857.22 20652.8823    20652.8   2.0 1 1 12   KH
	       1872.15 20621.8316    20621.9   2.0 1 1 42   KH
	       2015.97 20322.8221    20322.6   2.0 1 1 259   KH
	function chebyshev
	order 4
	sample *
	naverage 1
	niterate 10
	low_reject 3.
	high_reject 3.
	grow 0.
	coefficients	8
		1.
		4.
		230.2743377685547
		2015.970336914062
		22174.22922510574
		-1849.219699727089
		-2.459596807049272
		0.2721481229999318

# Mon 11:05:42 05-Jun-2017
begin	identify wrgnN20100401S0137[SCI,3][*,65]
	id	wrgnN20100401S0137[SCI,3]
	task	identify
	image	wrgnN20100401S0137[SCI,3][*,65]
	units	Angstroms
	features	16
	        230.27 24020.0453   24019.77   2.0 1 1 17   KH
	        253.24 23972.7485   23973.05   2.0 1 1 766   KH
	        312.14 23851.4756   23851.54   2.0 1 1 14   KH
	        657.25 23139.7085   23139.51   2.0 1 1 1769   KH
	       1150.84 22118.6076   22118.65   2.0 1 1 412   KH
	       1167.95 22083.1383   22083.21   2.0 1 1 54   KH
	       1186.07 22045.5954   22045.57   2.0 1 1 9   KH
	       1429.91 21539.9012   21540.08   2.0 1 1 10   KH
	       1526.89 21338.5879 21338.6992   2.0 1 1 68   KH
	       1669.76 21041.8536   21041.57   2.0 1 1 10   KH
	       1693.92 20991.6685   20991.83   2.0 1 1 9   KH
	       1778.06 20816.8165   20816.71   2.0 1 1 19   KH
	       1815.20 20739.6142 20739.3008   2.0 1 1 21   KH
	       1856.95 20652.8132    20652.8   2.0 1 1 12   KH
	       1871.88 20621.7536    20621.9   2.0 1 1 68   KH
	       2015.79 20322.4621    20322.6   2.0 1 1 21   KH
	function chebyshev
	order 4
	sample *
	naverage 1
	niterate 10
	low_reject 3.
	high_reject 3.
	grow 0.
	coefficients	8
		1.
		4.
		230.2653503417969
		2015.786376953125
		22173.73983200484
		-1848.976264363764
		-2.486166007655075
		0.1846486289254021

