# Mon 11:05:41 05-Jun-2017
begin	identify wrgnN20100401S0137[SCI,1][*,35]
	id	wrgnN20100401S0137[SCI,1]
	task	identify
	image	wrgnN20100401S0137[SCI,1][*,35]
	units	Angstrom
	features	24
	        230.39 24019.4284   24019.77   2.0 1 1 17   KH
	        253.08 23972.7204   23973.05   2.0 1 1 766   KH
	        282.58 23911.9988    23911.2   2.0 1 1 14   KH
	        311.97 23851.4803   23851.54   2.0 1 1 14   KH
	        657.17 23139.5153   23139.51   2.0 1 1 17   KH
	        735.13 22978.4441   22978.36   2.0 1 1 766   KH
	        947.09  22540.076   22539.74   2.0 1 1 1769   KH
	       1082.57 22259.5683   22260.93   2.0 1 1 11   KH
	       1102.51 22218.2528   22215.73   2.0 1 0 10   KH
	       1150.52 22118.7875   22118.65   2.0 1 1 10   KH
	       1167.74 22083.0893   22083.21   2.0 1 1 10   KH
	       1185.89 22045.4709   22045.57   2.0 1 1 11   KH
	       1234.68 21944.3233   21947.81   2.0 1 0 19   KH
	       1318.07 21771.4008   21770.25   2.0 1 1 10   KH
	       1363.91 21676.3097   21675.89   2.0 1 1 19   KH
	       1429.66 21539.8782   21540.08   2.0 1 1 21   KH
	       1526.67 21338.4967 21338.6992   2.0 1 1 12   KH
	       1669.66 21041.5006   21041.57   2.0 1 1 42   KH
	       1693.66 20991.6396   20991.83   2.0 1 1 54   KH
	       1777.85 20816.6899   20816.71   2.0 1 1 140   KH
	       1815.00 20739.4738    20739.3   2.0 1 1 19   KH
	       1856.75 20652.6794    20652.8   2.0 1 1 21   KH
	       1871.60 20621.8013    20621.9   2.0 1 1 2 NOAO
	       2015.43 20322.7098    20322.6   2.0 1 1 12   KH
	function chebyshev
	order 4
	sample *
	naverage 1
	niterate 10
	low_reject 3.
	high_reject 3.
	grow 0.
	coefficients	8
		1.
		4.
		230.3878173828125
		2015.433349609375
		22173.52925728254
		-1848.588785357801
		-2.460148430080419
		0.2295144739491493

# Mon 11:05:41 05-Jun-2017
begin	identify wrgnN20100401S0137[SCI,1][*,25]
	id	wrgnN20100401S0137[SCI,1]
	task	identify
	image	wrgnN20100401S0137[SCI,1][*,25]
	units	Angstroms
	features	22
	        230.45 24020.1968   24019.77   2.0 1 1 17   KH
	        253.48 23972.7548   23973.05   2.0 1 1 766   KH
	        312.35 23851.4873   23851.54   2.0 1 1 14   KH
	        657.62 23139.1694   23139.51   2.0 1 1 14   KH
	        735.42 22978.4247   22978.36   2.0 1 1 17   KH
	        947.68 22539.4467   22539.74   2.0 1 1 766   KH
	       1082.37  22260.583   22260.93   2.0 1 1 1769   KH
	       1103.42 22216.9783   22215.73   2.0 1 1 11   KH
	       1150.92 22118.5797   22118.65   2.0 1 1 10   KH
	       1168.08 22083.0277   22083.21   2.0 1 1 10   KH
	       1186.26 22045.3431   22045.57   2.0 1 1 10   KH
	       1316.94 21774.4456   21770.25   2.0 1 0 11   KH
	       1364.03 21676.7738   21675.89   2.0 1 1 19   KH
	       1430.05 21539.8057   21540.08   2.0 1 1 10   KH
	       1527.08 21338.4152 21338.6992   2.0 1 1 19   KH
	       1670.13 21041.3682   21041.57   2.0 1 1 21   KH
	       1694.04 20991.7034   20991.83   2.0 1 1 12   KH
	       1778.17 20816.9019   20816.71   2.0 1 1 42   KH
	       1815.80 20738.6995    20739.3   2.0 1 1 54   KH
	       1857.00 20653.0607    20652.8   2.0 1 1 140   KH
	       1872.00 20621.8771    20621.9   2.0 1 1 19   KH
	       2015.81 20322.8423    20322.6   2.0 1 1 21   KH
	function chebyshev
	order 4
	sample *
	naverage 1
	niterate 10
	low_reject 3.
	high_reject 3.
	grow 0.
	coefficients	8
		1.
		4.
		230.4463958740234
		2015.807983398437
		22173.83944880968
		-1848.835528492374
		-2.319920529392005
		0.1582566484801437

# Mon 11:05:41 05-Jun-2017
begin	identify wrgnN20100401S0137[SCI,1][*,15]
	id	wrgnN20100401S0137[SCI,1]
	task	identify
	image	wrgnN20100401S0137[SCI,1][*,15]
	units	Angstroms
	features	21
	        253.95 23973.0777   23973.05   2.0 1 1 17   KH
	        312.90 23851.5547   23851.54   2.0 1 1 766   KH
	        658.00 23139.3544   23139.51   2.0 1 1 14   KH
	        735.93 22978.3399   22978.36   2.0 1 1 14   KH
	        947.98 22539.8693   22539.74   2.0 1 1 17   KH
	       1082.45 22261.5308   22260.93   2.0 1 0 766   KH
	       1104.50 22215.8812   22215.73   2.0 1 1 1769   KH
	       1151.37  22118.799   22118.65   2.0 1 1 11   KH
	       1168.63 22083.0363   22083.21   2.0 1 1 10   KH
	       1186.78 22045.4268   22045.57   2.0 1 1 10   KH
	       1315.04 21779.5855   21770.25   2.0 1 0 10   KH
	       1364.96 21676.0524   21675.89   2.0 1 1 11   KH
	       1430.52 21540.0507   21540.08   2.0 1 1 19   KH
	       1527.54 21338.6563 21338.6992   2.0 1 1 10   KH
	       1670.55 21041.5917   21041.57   2.0 1 1 19   KH
	       1694.63 20991.5513   20991.83   2.0 1 1 21   KH
	       1778.72 20816.7059   20816.71   2.0 1 1 12   KH
	       1815.84 20739.5013    20739.3   2.0 1 1 42   KH
	       1857.49 20652.8534    20652.8   2.0 1 1 54   KH
	       1872.40 20621.8397    20621.9   2.0 1 1 140   KH
	       2016.13 20322.5975    20322.6   2.0 1 1 19   KH
	function chebyshev
	order 4
	sample *
	naverage 1
	niterate 10
	low_reject 3.
	high_reject 3.
	grow 0.
	coefficients	8
		1.
		4.
		253.9467315673828
		2016.131103515625
		22150.23107454336
		-1825.187114482312
		-2.393494041699311
		-0.05298623804512446

# Mon 11:05:41 05-Jun-2017
begin	identify wrgnN20100401S0137[SCI,1][*,5]
	id	wrgnN20100401S0137[SCI,1]
	task	identify
	image	wrgnN20100401S0137[SCI,1][*,5]
	units	Angstroms
	features	21
	        254.19 23972.9122   23973.05   2.0 1 1 17   KH
	        313.09 23851.5913   23851.54   2.0 1 1 766   KH
	        658.28 23139.5704   23139.51   2.0 1 1 14   KH
	        736.11 22978.7999   22978.36   2.0 1 1 14   KH
	        949.46 22537.6531   22539.74   2.0 1 0 17   KH
	       1083.65 22259.8656   22260.93   2.0 1 1 766   KH
	       1104.70 22216.2767   22215.73   2.0 1 1 1769   KH
	       1152.08 22118.1222   22118.65   2.0 1 1 11   KH
	       1168.92 22083.2367   22083.21   2.0 1 1 10   KH
	       1187.06 22045.6359   22045.57   2.0 1 1 10   KH
	       1315.58 21779.2165   21770.25   2.0 1 0 10   KH
	       1365.08 21676.5442   21675.89   2.0 1 1 11   KH
	       1430.88  21540.019   21540.08   2.0 1 1 19   KH
	       1527.90 21338.6174 21338.6992   2.0 1 1 10   KH
	       1670.85 21041.6708   21041.57   2.0 1 1 19   KH
	       1694.88 20991.7443   20991.83   2.0 1 1 21   KH
	       1779.04 20816.7936   20816.71   2.0 1 1 12   KH
	       1816.22 20739.4738    20739.3   2.0 1 1 42   KH
	       1857.87 20652.8304    20652.8   2.0 1 1 54   KH
	       1872.86  20621.665    20621.9   2.0 1 1 140   KH
	       2016.58 20322.5597    20322.6   2.0 1 1 19   KH
	function chebyshev
	order 4
	sample *
	naverage 1
	niterate 10
	low_reject 3.
	high_reject 3.
	grow 0.
	coefficients	8
		1.
		4.
		254.1907958984375
		2016.580078125
		22150.22153542294
		-1825.249209999615
		-2.485545373971861
		0.07296253526848897

# Mon 11:05:41 05-Jun-2017
begin	identify wrgnN20100401S0137[SCI,1][*,45]
	id	wrgnN20100401S0137[SCI,1]
	task	identify
	image	wrgnN20100401S0137[SCI,1][*,45]
	units	Angstroms
	features	22
	        229.94 24019.7526   24019.77   2.0 1 1 17   KH
	        252.66 23972.9587   23973.05   2.0 1 1 766   KH
	        281.58 23913.3907    23911.2   2.0 1 0 14   KH
	        311.51 23851.7319   23851.54   2.0 1 1 14   KH
	        656.75 23139.4354   23139.51   2.0 1 1 17   KH
	        734.84 22978.0582   22978.36   2.0 1 1 766   KH
	        946.56 22540.1658   22539.74   2.0 1 1 1769   KH
	       1081.38 22260.9988   22260.93   2.0 1 1 11   KH
	       1103.91 22214.3301   22215.73   2.0 1 0 10   KH
	       1150.06 22118.7185   22118.65   2.0 1 1 10   KH
	       1167.23 22083.1238   22083.21   2.0 1 1 10   KH
	       1185.43 22045.4178   22045.57   2.0 1 1 11   KH
	       1363.58 21675.9934   21675.89   2.0 1 1 19   KH
	       1429.16 21539.9143   21540.08   2.0 1 1 10   KH
	       1526.17 21338.5408 21338.6992   2.0 1 1 19   KH
	       1668.92 21042.0622   21041.57   2.0 1 1 21   KH
	       1693.18 20991.6627   20991.83   2.0 1 1 12   KH
	       1777.40 20816.6392   20816.71   2.0 1 1 42   KH
	       1814.62 20739.2707    20739.3   2.0 1 1 54   KH
	       1856.19 20652.8418    20652.8   2.0 1 1 140   KH
	       1871.14 20621.7634    20621.9   2.0 1 1 19   KH
	       2014.95 20322.6592    20322.6   2.0 1 1 21   KH
	function chebyshev
	order 4
	sample *
	naverage 1
	niterate 10
	low_reject 3.
	high_reject 3.
	grow 0.
	coefficients	8
		1.
		4.
		229.9350738525391
		2014.945678710938
		22173.57546486242
		-1848.704048456381
		-2.369602156310751
		0.1573539689648244

# Mon 11:05:41 05-Jun-2017
begin	identify wrgnN20100401S0137[SCI,1][*,55]
	id	wrgnN20100401S0137[SCI,1]
	task	identify
	image	wrgnN20100401S0137[SCI,1][*,55]
	units	Angstroms
	features	21
	        229.93 24019.1221   24019.77   2.0 1 1 17   KH
	        252.10 23973.3989   23973.05   2.0 1 1 766   KH
	        311.00 23851.8938   23851.54   2.0 1 1 14   KH
	        656.15 23139.4263   23139.51   2.0 1 1 14   KH
	        733.97 22978.6496   22978.36   2.0 1 1 17   KH
	        946.13 22540.0205   22539.74   2.0 1 1 766   KH
	       1081.65 22259.5832   22260.93   2.0 1 1 1769   KH
	       1102.80 22215.8098   22215.73   2.0 1 1 11   KH
	       1149.62 22118.8503   22118.65   2.0 1 1 10   KH
	       1166.83 22083.2072   22083.21   2.0 1 1 10   KH
	       1185.01 22045.5612   22045.57   2.0 1 1 10   KH
	       1363.05 21676.5755   21675.89   2.0 1 1 11   KH
	       1428.78 21540.2438   21540.08   2.0 1 1 19   KH
	       1525.90 21338.6852 21338.6992   2.0 1 1 10   KH
	       1669.39  21040.652   21041.57   2.0 1 1 19   KH
	       1692.84 20991.8946   20991.83   2.0 1 1 21   KH
	       1776.94 20817.0464   20816.71   2.0 1 1 12   KH
	       1814.15  20739.634    20739.3   2.0 1 1 42   KH
	       1855.78 20653.0152    20652.8   2.0 1 1 54   KH
	       1870.79 20621.7692    20621.9   2.0 1 1 140   KH
	       2014.52 20322.4005    20322.6   2.0 1 1 19   KH
	function chebyshev
	order 4
	sample *
	naverage 1
	niterate 10
	low_reject 3.
	high_reject 3.
	grow 0.
	coefficients	8
		1.
		4.
		229.9261322021484
		2014.52294921875
		22173.1730897082
		-1848.162602327175
		-2.411826555482343
		-0.1982069619072385

# Mon 11:05:41 05-Jun-2017
begin	identify wrgnN20100401S0137[SCI,1][*,65]
	id	wrgnN20100401S0137[SCI,1]
	task	identify
	image	wrgnN20100401S0137[SCI,1][*,65]
	units	Angstroms
	features	17
	        229.08 24019.6506   24019.77   2.0 1 1 17   KH
	        251.70  23973.034   23973.05   2.0 1 1 766   KH
	        310.56 23851.7459   23851.54   2.0 1 1 14   KH
	        655.78 23139.3804   23139.51   2.0 1 1 14   KH
	       1149.06 22118.9205   22118.65   2.0 1 1 17   KH
	       1166.28 22083.2415   22083.21   2.0 1 1 766   KH
	       1184.49 22045.5258   22045.57   2.0 1 1 1769   KH
	       1363.02 21675.4097   21675.89   2.0 1 1 11   KH
	       1428.23 21540.1397   21540.08   2.0 1 1 10   KH
	       1525.28 21338.7222 21338.6992   2.0 1 1 10   KH
	       1668.10 21042.1396   21041.57   2.0 1 1 10   KH
	       1692.23 20992.0174   20991.83   2.0 1 1 11   KH
	       1776.82 20816.2351   20816.71   2.0 1 1 19   KH
	       1813.86 20739.2417    20739.3   2.0 1 1 10   KH
	       1855.50 20652.6591    20652.8   2.0 1 1 19   KH
	       1870.30 20621.8892    20621.9   2.0 1 1 21   KH
	       2014.12 20322.7269    20322.6   2.0 1 1 12   KH
	function chebyshev
	order 4
	sample *
	naverage 1
	niterate 10
	low_reject 3.
	high_reject 3.
	grow 0.
	coefficients	8
		1.
		4.
		229.0757904052735
		2014.119873046875
		22173.50149201521
		-1848.526728717003
		-2.312716533991731
		0.06488564489341319

