# Mon 11:05:43 05-Jun-2017
begin	identify wrgnN20100401S0137[SCI,12][*,35]
	id	wrgnN20100401S0137[SCI,12]
	task	identify
	image	wrgnN20100401S0137[SCI,12][*,35]
	units	Angstrom
	features	24
	        228.07 24019.5611   24019.77   2.0 1 1 17   KH
	        250.67 23973.0224   23973.05   2.0 1 1 766   KH
	        280.62 23911.3244    23911.2   2.0 1 1 14   KH
	        309.57 23851.6627   23851.54   2.0 1 1 1769   KH
	        340.53 23787.8676   23787.79   2.0 1 1 10   KH
	        654.75 23139.4458   23139.51   2.0 1 1 412   KH
	        732.70 22978.3716   22978.36   2.0 1 1 54   KH
	        944.90 22539.4597   22539.74   2.0 1 1 9   KH
	       1079.34 22261.0646   22260.93   2.0 1 1 9   KH
	       1102.31 22213.4806   22215.73   2.0 1 0 10   KH
	       1148.00  22118.826 22118.6504   2.0 1 1 10   KH
	       1165.21 22083.1593   22083.21   2.0 1 1 1321   KH
	       1183.36 22045.5247   22045.57   2.0 1 1 10   KH
	       1361.50 21676.1261   21675.89   2.0 1 1 11   KH
	       1427.10 21539.9973   21540.08   2.0 1 1 832   KH
	       1524.12 21338.5768 21338.6992   2.0 1 1 1321   KH
	       1570.61  21242.034   21242.79   2.0 1 0 12   KH
	       1667.05 21041.7006   21041.57   2.0 1 1 
	       1691.12 20991.6824   20991.83   2.0 1 1 12   KH
	       1775.31 20816.6855   20816.71   2.0 1 1 12   KH
	       1812.49  20739.385 20739.3008   2.0 1 1 1321   KH
	       1854.10 20652.8559 20652.8008   2.0 1 1 259   KH
	       1869.06 20621.7552    20621.9   2.0 1 1 12   KH
	       2012.83 20322.6466    20322.6   2.0 1 1 
	function chebyshev
	order 4
	sample *
	naverage 1
	niterate 10
	low_reject 3.
	high_reject 3.
	grow 0.
	coefficients	8
		1.
		4.
		228.0726623535156
		2012.833740234375
		22173.5012630531
		-1848.588420000771
		-2.397432003389734
		0.1311511408726054

# Mon 11:05:43 05-Jun-2017
begin	identify wrgnN20100401S0137[SCI,12][*,25]
	id	wrgnN20100401S0137[SCI,12]
	task	identify
	image	wrgnN20100401S0137[SCI,12][*,25]
	units	Angstroms
	features	22
	        227.89 24020.0098   24019.77   2.0 1 1 17   KH
	        251.01 23972.3881   23973.05   2.0 1 1 766   KH
	        280.61  23911.391    23911.2   2.0 1 1 14   KH
	        309.91 23851.0033   23851.54   2.0 1 1 1769   KH
	        340.08 23788.8202   23787.79   2.0 1 1 10   KH
	        654.99 23138.9775   23139.51   2.0 1 1 412   KH
	        732.67 22978.4863   22978.36   2.0 1 1 54   KH
	        944.87 22539.6889   22539.74   2.0 1 1 9   KH
	       1079.28 22261.4518   22260.93   2.0 1 1 9   KH
	       1148.16 22118.7725 22118.6504   2.0 1 1 10   KH
	       1165.45  22082.961   22083.21   2.0 1 1 10   KH
	       1183.67 22045.2055   22045.57   2.0 1 1 1321   KH
	       1361.62 21676.2609   21675.89   2.0 1 1 10   KH
	       1427.30 21540.0107   21540.08   2.0 1 1 11   KH
	       1524.31 21338.6423 21338.6992   2.0 1 1 832   KH
	       1667.34  21041.576   21041.57   2.0 1 1 1321   KH
	       1691.32 20991.7415   20991.83   2.0 1 1 12   KH
	       1775.56 20816.6311   20816.71   2.0 1 1 
	       1812.78 20739.2559 20739.3008   2.0 1 1 12   KH
	       1854.29 20652.9077 20652.8008   2.0 1 1 12   KH
	       1869.21 20621.8895    20621.9   2.0 1 1 1321   KH
	       2013.01 20322.6299    20322.6   2.0 1 1 259   KH
	function chebyshev
	order 4
	sample *
	naverage 1
	niterate 10
	low_reject 3.
	high_reject 3.
	grow 0.
	coefficients	8
		1.
		4.
		227.8907318115234
		2013.014770507812
		22173.74464390233
		-1848.726248964261
		-2.424830691982932
		0.03630986895784275

# Mon 11:05:43 05-Jun-2017
begin	identify wrgnN20100401S0137[SCI,12][*,15]
	id	wrgnN20100401S0137[SCI,12]
	task	identify
	image	wrgnN20100401S0137[SCI,12][*,15]
	units	Angstroms
	features	21
	        227.81 24020.4192   24019.77   2.0 1 1 17   KH
	        251.09 23972.4706   23973.05   2.0 1 1 766   KH
	        280.83 23911.2242    23911.2   2.0 1 1 14   KH
	        310.01 23851.1104   23851.54   2.0 1 1 1769   KH
	        340.54 23788.1853   23787.79   2.0 1 1 10   KH
	        655.07 23139.2671   23139.51   2.0 1 1 412   KH
	        732.97 22978.3395   22978.36   2.0 1 1 54   KH
	       1079.47 22261.4901   22260.93   2.0 1 1 9   KH
	       1148.41 22118.6874 22118.6504   2.0 1 1 9   KH
	       1165.66 22082.9539   22083.21   2.0 1 1 10   KH
	       1183.83 22045.3006   22045.57   2.0 1 1 10   KH
	       1361.71 21676.4576   21675.89   2.0 1 1 1321   KH
	       1427.50 21539.9455   21540.08   2.0 1 1 10   KH
	       1524.53 21338.5355 21338.6992   2.0 1 1 11   KH
	       1667.48 21041.5896   21041.57   2.0 1 1 832   KH
	       1691.53 20991.6164   20991.83   2.0 1 1 1321   KH
	       1775.73 20816.5993   20816.71   2.0 1 1 12   KH
	       1812.85 20739.4103 20739.3008   2.0 1 1 
	       1854.49 20652.8033 20652.8008   2.0 1 1 12   KH
	       1869.39 20621.8094    20621.9   2.0 1 1 12   KH
	       2013.11  20322.746    20322.6   2.0 1 1 1321   KH
	function chebyshev
	order 4
	sample *
	naverage 1
	niterate 10
	low_reject 3.
	high_reject 3.
	grow 0.
	coefficients	8
		1.
		4.
		227.8074035644531
		2013.11328125
		22174.08725626626
		-1848.93090244963
		-2.504684245496257
		0.09428669291322361

# Mon 11:05:43 05-Jun-2017
begin	identify wrgnN20100401S0137[SCI,12][*,5]
	id	wrgnN20100401S0137[SCI,12]
	task	identify
	image	wrgnN20100401S0137[SCI,12][*,5]
	units	Angstroms
	features	19
	        251.14 23972.8896   23973.05   2.0 1 1 17   KH
	        310.05  23851.447   23851.54   2.0 1 1 766   KH
	        340.74  23788.154   23787.79   2.0 1 1 14   KH
	        655.12 23139.2571   23139.51   2.0 1 1 1769   KH
	        732.96 22978.4419   22978.36   2.0 1 1 10   KH
	       1079.77 22261.0545   22260.93   2.0 1 1 412   KH
	       1148.37 22118.9717 22118.6504   2.0 1 1 54   KH
	       1165.71 22083.0513   22083.21   2.0 1 1 9   KH
	       1183.85  22045.475   22045.57   2.0 1 1 9   KH
	       1362.25 21675.6422   21675.89   2.0 1 1 10   KH
	       1427.59 21540.0747   21540.08   2.0 1 1 10   KH
	       1524.60 21338.7131 21338.6992   2.0 1 1 1321   KH
	       1667.56 21041.7318   21041.57   2.0 1 1 10   KH
	       1691.60 20991.7617   20991.83   2.0 1 1 11   KH
	       1775.80 20816.6871   20816.71   2.0 1 1 832   KH
	       1812.91 20739.4945 20739.3008   2.0 1 1 1321   KH
	       1854.58 20652.7828 20652.8008   2.0 1 1 12   KH
	       1869.48 20621.7835    20621.9   2.0 1 1 
	       2013.17 20322.5778    20322.6   2.0 1 1 12   KH
	function chebyshev
	order 4
	sample *
	naverage 1
	niterate 10
	low_reject 3.
	high_reject 3.
	grow 0.
	coefficients	8
		1.
		4.
		251.144515991211
		2013.165771484375
		22150.14736118438
		-1825.06723264338
		-2.413659855399943
		-0.08869290001060321

# Mon 11:05:43 05-Jun-2017
begin	identify wrgnN20100401S0137[SCI,12][*,45]
	id	wrgnN20100401S0137[SCI,12]
	task	identify
	image	wrgnN20100401S0137[SCI,12][*,45]
	units	Angstroms
	features	21
	        227.91  24019.428   24019.77   2.0 1 1 17   KH
	        250.59 23972.6592   23973.05   2.0 1 1 766   KH
	        280.28 23911.4327    23911.2   2.0 1 1 14   KH
	        309.40 23851.3834   23851.54   2.0 1 1 1769   KH
	        339.75 23788.7766   23787.79   2.0 1 1 10   KH
	        654.57  23138.891   23139.51   2.0 1 1 412   KH
	        732.17 22978.5281   22978.36   2.0 1 1 54   KH
	        944.15 22540.1902   22539.74   2.0 1 1 9   KH
	       1147.88 22118.4277 22118.6504   2.0 1 1 9   KH
	       1165.03 22082.9049   22083.21   2.0 1 1 10   KH
	       1183.13 22045.3904   22045.57   2.0 1 1 10   KH
	       1361.12 21676.4692   21675.89   2.0 1 1 1321   KH
	       1426.96 21539.8911   21540.08   2.0 1 1 10   KH
	       1523.97 21338.5674 21338.6992   2.0 1 1 11   KH
	       1666.98 21041.5695   21041.57   2.0 1 1 832   KH
	       1690.97 20991.7306   20991.83   2.0 1 1 1321   KH
	       1775.10 20816.8716   20816.71   2.0 1 1 12   KH
	       1812.25 20739.6138 20739.3008   2.0 1 1 
	       1853.97 20652.8561 20652.8008   2.0 1 1 12   KH
	       1868.93 20621.7365    20621.9   2.0 1 1 12   KH
	       2012.73 20322.4531    20322.6   2.0 1 1 1321   KH
	function chebyshev
	order 4
	sample *
	naverage 1
	niterate 10
	low_reject 3.
	high_reject 3.
	grow 0.
	coefficients	8
		1.
		4.
		227.9083709716797
		2012.72509765625
		22173.22531972848
		-1848.416423057049
		-2.284801245553107
		-0.07101526184278217

# Mon 11:05:43 05-Jun-2017
begin	identify wrgnN20100401S0137[SCI,12][*,55]
	id	wrgnN20100401S0137[SCI,12]
	task	identify
	image	wrgnN20100401S0137[SCI,12][*,55]
	units	Angstroms
	features	20
	        227.38 24020.0264   24019.77   2.0 1 1 17   KH
	        250.38 23972.6515   23973.05   2.0 1 1 766   KH
	        280.08 23911.4716    23911.2   2.0 1 1 14   KH
	        309.24 23851.4083   23851.54   2.0 1 1 1769   KH
	        339.45 23789.1403   23787.79   2.0 1 0 10   KH
	        654.37 23139.3994   23139.51   2.0 1 1 412   KH
	        732.32 22978.3638   22978.36   2.0 1 1 54   KH
	        944.33 22539.9619   22539.74   2.0 1 1 9   KH
	       1147.79 22118.6737 22118.6504   2.0 1 1 9   KH
	       1164.95 22083.1332   22083.21   2.0 1 1 10   KH
	       1183.05 22045.6193   22045.57   2.0 1 1 10   KH
	       1426.89 21539.9629   21540.08   2.0 1 1 1321   KH
	       1523.90 21338.6006 21338.6992   2.0 1 1 10   KH
	       1666.94 21041.4765   21041.57   2.0 1 1 11   KH
	       1690.89 20991.7258   20991.83   2.0 1 1 832   KH
	       1775.00 20816.8851   20816.71   2.0 1 1 1321   KH
	       1812.15 20739.6356 20739.3008   2.0 1 1 12   KH
	       1853.90 20652.8128 20652.8008   2.0 1 1 
	       1868.82 20621.7781    20621.9   2.0 1 1 12   KH
	       2012.66 20322.5045    20322.6   2.0 1 1 12   KH
	function chebyshev
	order 4
	sample *
	naverage 1
	niterate 10
	low_reject 3.
	high_reject 3.
	grow 0.
	coefficients	8
		1.
		4.
		227.3770294189453
		2012.655395507813
		22173.74169071447
		-1848.845254482695
		-2.476251355877016
		0.08430777294192481

# Mon 11:05:43 05-Jun-2017
begin	identify wrgnN20100401S0137[SCI,12][*,65]
	id	wrgnN20100401S0137[SCI,12]
	task	identify
	image	wrgnN20100401S0137[SCI,12][*,65]
	units	Angstroms
	features	20
	        227.83 24019.0942   24019.77   2.0 1 1 17   KH
	        250.20 23972.9818   23973.05   2.0 1 1 766   KH
	        279.83 23911.8809    23911.2   2.0 1 1 14   KH
	        309.08 23851.5633   23851.54   2.0 1 1 1769   KH
	        339.92  23787.968   23787.79   2.0 1 1 10   KH
	        654.19 23139.3037   23139.51   2.0 1 1 412   KH
	        731.95  22978.649   22978.36   2.0 1 1 54   KH
	        944.35 22539.4813   22539.74   2.0 1 1 9   KH
	       1147.59 22118.7484 22118.6504   2.0 1 1 9   KH
	       1164.83 22083.0541   22083.21   2.0 1 1 10   KH
	       1182.95 22045.5052   22045.57   2.0 1 1 10   KH
	       1426.73 21540.0811   21540.08   2.0 1 1 1321   KH
	       1523.67 21338.8872 21338.6992   2.0 1 1 10   KH
	       1666.90 21041.3836   21041.57   2.0 1 1 11   KH
	       1690.74 20991.8346   20991.83   2.0 1 1 832   KH
	       1774.93 20816.8033   20816.71   2.0 1 1 1321   KH
	       1812.02 20739.6588 20739.3008   2.0 1 1 12   KH
	       1853.75 20652.8383 20652.8008   2.0 1 1 
	       1868.73   20621.67    20621.9   2.0 1 1 12   KH
	       2012.43 20322.4941    20322.6   2.0 1 1 12   KH
	function chebyshev
	order 4
	sample *
	naverage 1
	niterate 10
	low_reject 3.
	high_reject 3.
	grow 0.
	coefficients	8
		1.
		4.
		227.8267822265625
		2012.425659179688
		22173.21637729232
		-1848.20496416065
		-2.422183562242523
		-0.0950902982379757

