# Mon 11:05:44 05-Jun-2017
begin	identify wrgnN20100401S0137[SCI,14][*,35]
	id	wrgnN20100401S0137[SCI,14]
	task	identify
	image	wrgnN20100401S0137[SCI,14][*,35]
	units	Angstrom
	features	23
	        224.81 24019.6176   24019.77   2.0 1 1 17   KH
	        247.48 23972.9225   23973.05   2.0 1 1 766   KH
	        277.31 23911.4608    23911.2   2.0 1 1 14   KH
	        306.35 23851.6196   23851.54   2.0 1 1 1769   KH
	        338.12 23786.1365   23787.79   2.0 1 0 10   KH
	        651.46 23139.5322   23139.51   2.0 1 1 412   KH
	        729.50 22978.2568   22978.36   2.0 1 1 1769   KH
	        941.48 22539.8257   22539.74   2.0 1 1 54   KH
	       1076.35  22260.554   22260.93   2.0 1 1 9   KH
	       1097.36 22217.0444   22215.73   2.0 1 0 10   KH
	       1144.80 22118.7409 22118.6504   2.0 1 1 11   KH
	       1161.95 22083.2121   22083.21   2.0 1 1 10   KH
	       1180.10   22045.59 22045.5703   2.0 1 1 
	       1358.11 21676.4456   21675.89   2.0 1 1 54   KH
	       1423.89 21539.9522   21540.08   2.0 1 1 10   KH
	       1520.91 21338.5626    21338.7   2.0 1 1 12   KH
	       1663.87 21041.5981 21041.5703   2.0 1 1 832   KH
	       1687.94 20991.5888   20991.83   2.0 1 1 10   KH
	       1772.07  20816.731 20816.7109   2.0 1 1 
	       1809.22  20739.477    20739.3   2.0 1 1 1321   KH
	       1850.92 20652.7674    20652.8   2.0 1 1 9   KH
	       1865.81 20621.8117    20621.9   2.0 1 1 2 NOAO
	       2009.61 20322.6454    20322.6   2.0 1 1 12   KH
	function chebyshev
	order 4
	sample *
	naverage 1
	niterate 10
	low_reject 3.
	high_reject 3.
	grow 0.
	coefficients	8
		1.
		4.
		224.8091888427734
		2009.607788085938
		22173.52298182667
		-1848.603371382528
		-2.391486279802528
		0.1173110375230755

# Mon 11:05:44 05-Jun-2017
begin	identify wrgnN20100401S0137[SCI,14][*,25]
	id	wrgnN20100401S0137[SCI,14]
	task	identify
	image	wrgnN20100401S0137[SCI,14][*,25]
	units	Angstroms
	features	21
	        224.77 24019.6585   24019.77   2.0 1 1 17   KH
	        247.57 23972.6866   23973.05   2.0 1 1 766   KH
	        277.07 23911.9084    23911.2   2.0 1 1 14   KH
	        306.38 23851.4848   23851.54   2.0 1 1 1769   KH
	        651.56 23139.1898   23139.51   2.0 1 1 10   KH
	        729.59 22977.9543   22978.36   2.0 1 1 412   KH
	        941.10 22540.5162   22539.74   2.0 1 1 1769   KH
	       1076.07 22261.0737   22260.93   2.0 1 1 54   KH
	       1144.89 22118.5124 22118.6504   2.0 1 1 9   KH
	       1162.00 22083.0451   22083.21   2.0 1 1 10   KH
	       1180.14 22045.4679 22045.5703   2.0 1 1 11   KH
	       1358.18 21676.3161   21675.89   2.0 1 1 10   KH
	       1423.95 21539.8515   21540.08   2.0 1 1 
	       1520.96    21338.5    21338.7   2.0 1 1 54   KH
	       1663.87 21041.6882 21041.5703   2.0 1 1 10   KH
	       1687.97 20991.6245   20991.83   2.0 1 1 12   KH
	       1772.11 20816.7579 20816.7109   2.0 1 1 832   KH
	       1809.29 20739.4544    20739.3   2.0 1 1 10   KH
	       1850.96 20652.8207    20652.8   2.0 1 1 
	       1865.91 20621.7238    20621.9   2.0 1 1 1321   KH
	       2009.66 20322.6772    20322.6   2.0 1 1 9   KH
	function chebyshev
	order 4
	sample *
	naverage 1
	niterate 10
	low_reject 3.
	high_reject 3.
	grow 0.
	coefficients	8
		1.
		4.
		224.7708892822266
		2009.661499023438
		22173.50513021102
		-1848.575816443062
		-2.337300379181934
		0.08518590539647863

# Mon 11:05:44 05-Jun-2017
begin	identify wrgnN20100401S0137[SCI,14][*,15]
	id	wrgnN20100401S0137[SCI,14]
	task	identify
	image	wrgnN20100401S0137[SCI,14][*,15]
	units	Angstroms
	features	20
	        247.70 23972.4626   23973.05   2.0 1 1 17   KH
	        276.96  23912.177    23911.2   2.0 1 1 766   KH
	        306.53 23851.2545   23851.54   2.0 1 1 14   KH
	        651.70  23139.047   23139.51   2.0 1 1 1769   KH
	        729.32  22978.657   22978.36   2.0 1 1 10   KH
	        941.59 22539.6403   22539.74   2.0 1 1 412   KH
	       1075.99 22261.4019   22260.93   2.0 1 1 1769   KH
	       1144.97 22118.4872 22118.6504   2.0 1 1 54   KH
	       1162.07 22083.0663   22083.21   2.0 1 1 9   KH
	       1180.23 22045.4237 22045.5703   2.0 1 1 10   KH
	       1358.18  21676.465   21675.89   2.0 1 1 11   KH
	       1424.01 21539.8851   21540.08   2.0 1 1 10   KH
	       1521.02 21338.5198    21338.7   2.0 1 1 
	       1664.07 21041.4414 21041.5703   2.0 1 1 54   KH
	       1688.02 20991.6671   20991.83   2.0 1 1 10   KH
	       1772.16 20816.8193 20816.7109   2.0 1 1 12   KH
	       1809.38 20739.4398    20739.3   2.0 1 1 832   KH
	       1851.02 20652.8839    20652.8   2.0 1 1 10   KH
	       1865.97 20621.7916    20621.9   2.0 1 1 
	       2009.80 20322.6111    20322.6   2.0 1 1 1321   KH
	function chebyshev
	order 4
	sample *
	naverage 1
	niterate 10
	low_reject 3.
	high_reject 3.
	grow 0.
	coefficients	8
		1.
		4.
		247.6987915039063
		2009.802001953126
		22149.81797550822
		-1825.035799437508
		-2.281090436195489
		0.1100372645483841

# Mon 11:05:44 05-Jun-2017
begin	identify wrgnN20100401S0137[SCI,14][*,5]
	id	wrgnN20100401S0137[SCI,14]
	task	identify
	image	wrgnN20100401S0137[SCI,14][*,5]
	units	Angstroms
	features	20
	        247.81 23972.4984   23973.05   2.0 1 1 17   KH
	        277.10 23912.1698    23911.2   2.0 1 1 766   KH
	        306.67 23851.2374   23851.54   2.0 1 1 14   KH
	        651.81 23139.1155   23139.51   2.0 1 1 1769   KH
	        729.67 22978.2288   22978.36   2.0 1 1 10   KH
	        941.38 22540.3931   22539.74   2.0 1 1 412   KH
	       1076.38 22260.9104   22260.93   2.0 1 1 1769   KH
	       1144.99 22118.7758 22118.6504   2.0 1 1 54   KH
	       1162.14 22083.2433   22083.21   2.0 1 1 9   KH
	       1180.32 22045.5718 22045.5703   2.0 1 1 10   KH
	       1358.87 21675.3499   21675.89   2.0 1 1 11   KH
	       1424.07 21540.0639   21540.08   2.0 1 1 10   KH
	       1521.09 21338.6646    21338.7   2.0 1 1 
	       1664.09 21041.6465 21041.5703   2.0 1 1 54   KH
	       1688.09 20991.7599   20991.83   2.0 1 1 10   KH
	       1772.26 20816.7957 20816.7109   2.0 1 1 12   KH
	       1809.40 20739.5809    20739.3   2.0 1 1 832   KH
	       1851.10 20652.8626    20652.8   2.0 1 1 10   KH
	       1866.05 20621.7702    20621.9   2.0 1 1 
	       2009.87 20322.5035    20322.6   2.0 1 1 1321   KH
	function chebyshev
	order 4
	sample *
	naverage 1
	niterate 10
	low_reject 3.
	high_reject 3.
	grow 0.
	coefficients	8
		1.
		4.
		247.8149261474609
		2009.869018554688
		22149.86902498173
		-1825.072537589894
		-2.368097525816461
		0.07509979053059935

# Mon 11:05:44 05-Jun-2017
begin	identify wrgnN20100401S0137[SCI,14][*,45]
	id	wrgnN20100401S0137[SCI,14]
	task	identify
	image	wrgnN20100401S0137[SCI,14][*,45]
	units	Angstroms
	features	19
	        224.87 24019.4323   24019.77   2.0 1 1 17   KH
	        247.28 23973.2325   23973.05   2.0 1 1 766   KH
	        306.15 23851.8383   23851.54   2.0 1 1 14   KH
	        651.28 23139.4199   23139.51   2.0 1 1 1769   KH
	        729.35 22978.0819   22978.36   2.0 1 1 10   KH
	       1075.74 22261.3891   22260.93   2.0 1 1 412   KH
	       1144.62 22118.7039 22118.6504   2.0 1 1 1769   KH
	       1161.87 22082.9771   22083.21   2.0 1 1 54   KH
	       1180.01 22045.3746 22045.5703   2.0 1 1 9   KH
	       1357.93 21676.5117   21675.89   2.0 1 1 10   KH
	       1423.79 21539.8829   21540.08   2.0 1 1 11   KH
	       1520.81 21338.5094    21338.7   2.0 1 1 10   KH
	       1663.85 21041.4352 21041.5703   2.0 1 1 
	       1687.81 20991.6542   20991.83   2.0 1 1 54   KH
	       1771.93 20816.7917 20816.7109   2.0 1 1 10   KH
	       1809.09 20739.5409    20739.3   2.0 1 1 12   KH
	       1850.80 20652.7887    20652.8   2.0 1 1 832   KH
	       1865.73 20621.7422    20621.9   2.0 1 1 10   KH
	       2009.45 20322.6655    20322.6   2.0 1 1 
	function chebyshev
	order 4
	sample *
	naverage 1
	niterate 10
	low_reject 3.
	high_reject 3.
	grow 0.
	coefficients	8
		1.
		4.
		224.8706970214844
		2009.446166992188
		22173.32504413811
		-1848.370885580336
		-2.276174152783709
		-0.01250475816671965

# Mon 11:05:44 05-Jun-2017
begin	identify wrgnN20100401S0137[SCI,14][*,55]
	id	wrgnN20100401S0137[SCI,14]
	task	identify
	image	wrgnN20100401S0137[SCI,14][*,55]
	units	Angstroms
	features	19
	        223.80   24020.51   24019.77   2.0 1 1 17   KH
	        247.11  23972.524   23973.05   2.0 1 1 766   KH
	        306.02 23851.2427   23851.54   2.0 1 1 14   KH
	        651.12 23139.5118   23139.51   2.0 1 1 1769   KH
	        729.15 22978.3354   22978.36   2.0 1 1 10   KH
	       1075.83 22261.1332   22260.93   2.0 1 1 412   KH
	       1144.51 22118.8647 22118.6504   2.0 1 1 1769   KH
	       1161.73 22083.1796   22083.21   2.0 1 1 54   KH
	       1179.94 22045.4309 22045.5703   2.0 1 1 9   KH
	       1357.48 21677.2813   21675.89   2.0 1 0 10   KH
	       1423.63 21540.0196   21540.08   2.0 1 1 11   KH
	       1520.65  21338.608    21338.7   2.0 1 1 10   KH
	       1663.60 21041.6469 21041.5703   2.0 1 1 
	       1687.64 20991.6836   20991.83   2.0 1 1 54   KH
	       1771.82 20816.6999 20816.7109   2.0 1 1 10   KH
	       1808.98 20739.4426    20739.3   2.0 1 1 12   KH
	       1850.63 20652.8155    20652.8   2.0 1 1 832   KH
	       1865.56 20621.7594    20621.9   2.0 1 1 10   KH
	       2009.30 20322.6739    20322.6   2.0 1 1 
	function chebyshev
	order 4
	sample *
	naverage 1
	niterate 10
	low_reject 3.
	high_reject 3.
	grow 0.
	coefficients	8
		1.
		4.
		223.8000946044922
		2009.300170898437
		22174.18941152383
		-1849.063226033594
		-2.597422817662
		0.1451869093707443

# Mon 11:05:44 05-Jun-2017
begin	identify wrgnN20100401S0137[SCI,14][*,65]
	id	wrgnN20100401S0137[SCI,14]
	task	identify
	image	wrgnN20100401S0137[SCI,14][*,65]
	units	Angstroms
	features	18
	        224.44 24019.6496   24019.77   2.0 1 1 17   KH
	        247.07 23973.0414   23973.05   2.0 1 1 766   KH
	        305.98  23851.659   23851.54   2.0 1 1 14   KH
	        651.08 23139.6505   23139.51   2.0 1 1 1769   KH
	       1076.09   22260.53   22260.93   2.0 1 1 10   KH
	       1144.49 22118.8298 22118.6504   2.0 1 1 412   KH
	       1161.69 22083.1966   22083.21   2.0 1 1 1769   KH
	       1179.86 22045.5376 22045.5703   2.0 1 1 54   KH
	       1357.44 21677.3023   21675.89   2.0 1 0 9   KH
	       1423.56 21540.1171   21540.08   2.0 1 1 10   KH
	       1520.49 21338.8909    21338.7   2.0 1 1 11   KH
	       1663.60 21041.5975 21041.5703   2.0 1 1 10   KH
	       1687.59  20991.737   20991.83   2.0 1 1 
	       1771.79 20816.6885 20816.7109   2.0 1 1 54   KH
	       1808.96 20739.3943    20739.3   2.0 1 1 10   KH
	       1850.58 20652.8301    20652.8   2.0 1 1 12   KH
	       1865.51 20621.7641    20621.9   2.0 1 1 832   KH
	       2009.26  20322.608    20322.6   2.0 1 1 10   KH
	function chebyshev
	order 4
	sample *
	naverage 1
	niterate 10
	low_reject 3.
	high_reject 3.
	grow 0.
	coefficients	8
		1.
		4.
		224.4403228759766
		2009.262451171875
		22173.61407178996
		-1848.597599476102
		-2.485285972747141
		0.07681790212127754

