# Mon 11:05:46 05-Jun-2017
begin	identify wrgnN20100401S0137[SCI,21][*,35]
	id	wrgnN20100401S0137[SCI,21]
	task	identify
	image	wrgnN20100401S0137[SCI,21][*,35]
	units	Angstrom
	features	24
	        229.40 23972.2515   23973.05   2.0 1 1 766   KH
	        258.60 23912.2319    23911.2   2.0 1 1 14   KH
	        288.28 23851.1986   23851.54   2.0 1 1 1769   KH
	        319.12 23787.7563   23787.79   2.0 1 1 10   KH
	        633.42 23140.0094   23139.51   2.0 1 1 1769   KH
	        711.42 22978.9453   22978.36   2.0 1 1 10   KH
	        924.81 22537.7337   22539.74   2.0 1 1 9   KH
	       1058.13 22261.7079   22260.93   2.0 1 1 412   KH
	       1080.40 22215.5657   22215.73   2.0 1 1 10   KH
	       1126.84 22119.3375 22118.6504   2.0 1 1 9   KH
	       1144.01 22083.7381   22083.21   2.0 1 1 54   KH
	       1162.18 22046.0834   22045.57   2.0 1 1 10   KH
	       1210.52 21945.8497   21947.81   2.0 1 1 19   KH
	       1295.21 21770.1803   21770.25   2.0 1 1 21   KH
	       1340.42  21676.372 21675.8906   2.0 1 1 9   KH
	       1405.98 21540.2914   21540.08   2.0 1 1 11   KH
	       1503.01 21338.7909    21338.7   2.0 1 1 153   KH
	       1645.98 21041.7336 21041.5703   2.0 1 1 19   KH
	       1670.04 20991.7438   20991.83   2.0 1 1 21   KH
	       1754.21  20816.757 20816.7109   2.0 1 1 
	       1791.42 20739.3736 20739.3008   2.0 1 1 1321   KH
	       1833.07 20652.7675    20652.8   2.0 1 1 259   KH
	       1848.00  20621.721    20621.9   2.0 1 1 19   KH
	       1991.79  20322.583    20322.6   2.0 1 1 21   KH
	function chebyshev
	order 4
	sample *
	naverage 1
	niterate 10
	low_reject 3.
	high_reject 3.
	grow 0.
	coefficients	8
		1.
		4.
		229.4042053222656
		1991.7939453125
		22150.20296525087
		-1825.152950134027
		-2.785714542987699
		0.3186782305137901

# Mon 11:05:46 05-Jun-2017
begin	identify wrgnN20100401S0137[SCI,21][*,25]
	id	wrgnN20100401S0137[SCI,21]
	task	identify
	image	wrgnN20100401S0137[SCI,21][*,25]
	units	Angstroms
	features	21
	        229.20 23973.4522   23973.05   2.0 1 1 766   KH
	        259.79 23910.3526    23911.2   2.0 1 1 14   KH
	        288.10 23851.9528   23851.54   2.0 1 1 1769   KH
	        319.20 23787.7862   23787.79   2.0 1 1 10   KH
	        633.24 23139.3705   23139.51   2.0 1 1 1769   KH
	        711.18 22978.3138   22978.36   2.0 1 1 10   KH
	        922.48 22541.3681   22539.74   2.0 1 1 9   KH
	       1058.72 22259.3862   22260.93   2.0 1 1 412   KH
	       1126.75 22118.5162 22118.6504   2.0 1 1 10   KH
	       1143.91 22082.9723   22083.21   2.0 1 1 9   KH
	       1162.00 22045.4865   22045.57   2.0 1 1 54   KH
	       1339.96 21676.6533 21675.8906   2.0 1 1 10   KH
	       1405.88  21539.932   21540.08   2.0 1 1 19   KH
	       1502.92 21338.5794    21338.7   2.0 1 1 21   KH
	       1645.98 21041.5019 21041.5703   2.0 1 1 9   KH
	       1669.92 20991.7542   20991.83   2.0 1 1 11   KH
	       1754.05 20816.8957 20816.7109   2.0 1 1 153   KH
	       1791.23 20739.5976 20739.3008   2.0 1 1 19   KH
	       1832.93 20652.8679    20652.8   2.0 1 1 21   KH
	       1847.89 20621.7565    20621.9   2.0 1 1 
	       1991.71 20322.4371    20322.6   2.0 1 1 1321   KH
	function chebyshev
	order 4
	sample *
	naverage 1
	niterate 10
	low_reject 3.
	high_reject 3.
	grow 0.
	coefficients	8
		1.
		4.
		229.1988983154297
		1991.7080078125
		22150.10359993994
		-1825.399976663787
		-2.158948217014847
		-0.1075698802815767

# Mon 11:05:46 05-Jun-2017
begin	identify wrgnN20100401S0137[SCI,21][*,15]
	id	wrgnN20100401S0137[SCI,21]
	task	identify
	image	wrgnN20100401S0137[SCI,21][*,15]
	units	Angstroms
	features	20
	        229.06 23972.4996   23973.05   2.0 1 1 766   KH
	        287.99 23851.1718   23851.54   2.0 1 1 14   KH
	        318.19 23788.9671   23787.79   2.0 1 1 1769   KH
	        633.10 23139.4351   23139.51   2.0 1 1 10   KH
	        711.14 22978.2467   22978.36   2.0 1 1 1769   KH
	        923.26 22539.6603   22539.74   2.0 1 1 10   KH
	       1058.19  22260.377   22260.93   2.0 1 1 9   KH
	       1126.44 22119.0055 22118.6504   2.0 1 1 412   KH
	       1143.78  22083.073   22083.21   2.0 1 1 10   KH
	       1161.92 22045.4903   22045.57   2.0 1 1 9   KH
	       1339.75 21676.8113 21675.8906   2.0 1 1 54   KH
	       1405.75 21539.8952   21540.08   2.0 1 1 10   KH
	       1502.79 21338.4848    21338.7   2.0 1 1 19   KH
	       1645.71 21041.6632 21041.5703   2.0 1 1 21   KH
	       1669.81 20991.5936   20991.83   2.0 1 1 9   KH
	       1753.97  20816.699 20816.7109   2.0 1 1 11   KH
	       1791.10 20739.5248 20739.3008   2.0 1 1 153   KH
	       1832.83 20652.7643    20652.8   2.0 1 1 19   KH
	       1847.77 20621.7013    20621.9   2.0 1 1 21   KH
	       1991.53 20322.6689    20322.6   2.0 1 1 
	function chebyshev
	order 4
	sample *
	naverage 1
	niterate 10
	low_reject 3.
	high_reject 3.
	grow 0.
	coefficients	8
		1.
		4.
		229.061782836914
		1991.52880859375
		22150.01869109104
		-1825.053063746011
		-2.434465098659983
		0.1377381300725341

# Mon 11:05:46 05-Jun-2017
begin	identify wrgnN20100401S0137[SCI,21][*,5]
	id	wrgnN20100401S0137[SCI,21]
	task	identify
	image	wrgnN20100401S0137[SCI,21][*,5]
	units	Angstroms
	features	18
	        228.98 23972.9602   23973.05   2.0 1 1 766   KH
	        287.84 23851.7131   23851.54   2.0 1 1 14   KH
	        633.01 23139.5749   23139.51   2.0 1 1 1769   KH
	        711.20 22978.0321   22978.36   2.0 1 1 10   KH
	       1057.83  22260.902   22260.93   2.0 1 1 1769   KH
	       1126.36 22118.9494 22118.6504   2.0 1 1 10   KH
	       1143.65 22083.1194   22083.21   2.0 1 1 9   KH
	       1161.83 22045.4676   22045.57   2.0 1 1 412   KH
	       1339.81  21676.454 21675.8906   2.0 1 1 10   KH
	       1405.59  21539.986   21540.08   2.0 1 1 9   KH
	       1502.67  21338.497    21338.7   2.0 1 1 54   KH
	       1645.69 21041.4771 21041.5703   2.0 1 1 10   KH
	       1669.68 20991.6302   20991.83   2.0 1 1 19   KH
	       1753.84 20816.7308 20816.7109   2.0 1 1 21   KH
	       1790.99 20739.5098 20739.3008   2.0 1 1 9   KH
	       1832.73 20652.7166    20652.8   2.0 1 1 11   KH
	       1847.64 20621.7225    20621.9   2.0 1 1 153   KH
	       1991.36 20322.7602    20322.6   2.0 1 1 19   KH
	function chebyshev
	order 4
	sample *
	naverage 1
	niterate 10
	low_reject 3.
	high_reject 3.
	grow 0.
	coefficients	8
		1.
		4.
		228.9842987060547
		1991.356201171875
		22150.17670640155
		-1825.194970700727
		-2.316491050292738
		0.09496914667938993

# Mon 11:05:46 05-Jun-2017
begin	identify wrgnN20100401S0137[SCI,21][*,45]
	id	wrgnN20100401S0137[SCI,21]
	task	identify
	image	wrgnN20100401S0137[SCI,21][*,45]
	units	Angstroms
	features	21
	        229.43 23972.4684   23973.05   2.0 1 1 766   KH
	        259.08 23911.4363    23911.2   2.0 1 1 14   KH
	        288.29 23851.2988   23851.54   2.0 1 1 1769   KH
	        318.75 23788.5774   23787.79   2.0 1 1 10   KH
	        633.49 23139.4785   23139.51   2.0 1 1 1769   KH
	        711.55 22978.2395   22978.36   2.0 1 1 10   KH
	        923.89 22539.1784   22539.74   2.0 1 1 9   KH
	       1058.11 22261.3257   22260.93   2.0 1 1 412   KH
	       1126.86 22118.8905 22118.6504   2.0 1 1 10   KH
	       1144.05  22083.273   22083.21   2.0 1 1 9   KH
	       1162.19 22045.7006   22045.57   2.0 1 1 54   KH
	       1340.72 21675.5192 21675.8906   2.0 1 1 10   KH
	       1406.02 21540.0227   21540.08   2.0 1 1 19   KH
	       1503.06 21338.6042    21338.7   2.0 1 1 21   KH
	       1645.94 21041.8464 21041.5703   2.0 1 1 9   KH
	       1670.06 20991.7204   20991.83   2.0 1 1 11   KH
	       1754.23 20816.7943 20816.7109   2.0 1 1 153   KH
	       1791.46 20739.4134 20739.3008   2.0 1 1 19   KH
	       1833.09 20652.8433    20652.8   2.0 1 1 21   KH
	       1848.04 20621.7582    20621.9   2.0 1 1 
	       1991.90 20322.5439    20322.6   2.0 1 1 1321   KH
	function chebyshev
	order 4
	sample *
	naverage 1
	niterate 10
	low_reject 3.
	high_reject 3.
	grow 0.
	coefficients	8
		1.
		4.
		229.4329223632812
		1991.899169921875
		22149.97913991789
		-1825.143086044205
		-2.473002920743474
		0.1808077641873124

# Mon 11:05:46 05-Jun-2017
begin	identify wrgnN20100401S0137[SCI,21][*,55]
	id	wrgnN20100401S0137[SCI,21]
	task	identify
	image	wrgnN20100401S0137[SCI,21][*,55]
	units	Angstroms
	features	21
	        229.50 23972.8725   23973.05   2.0 1 1 766   KH
	        259.45 23911.1813    23911.2   2.0 1 1 14   KH
	        288.34 23851.6652   23851.54   2.0 1 1 1769   KH
	        319.27 23787.9266   23787.79   2.0 1 1 10   KH
	        633.55 23139.4628   23139.51   2.0 1 1 1769   KH
	        711.47 22978.4752   22978.36   2.0 1 1 10   KH
	        923.84 22539.2575   22539.74   2.0 1 1 9   KH
	       1058.17 22261.1544   22260.93   2.0 1 1 412   KH
	       1126.93 22118.7071 22118.6504   2.0 1 1 10   KH
	       1144.07 22083.1833   22083.21   2.0 1 1 9   KH
	       1162.24 22045.5481   22045.57   2.0 1 1 54   KH
	       1340.27 21676.4138 21675.8906   2.0 1 1 10   KH
	       1406.07 21539.9018   21540.08   2.0 1 1 19   KH
	       1503.09 21338.5437    21338.7   2.0 1 1 21   KH
	       1646.12 21041.5091 21041.5703   2.0 1 1 9   KH
	       1670.11 20991.6686   20991.83   2.0 1 1 11   KH
	       1754.28 20816.7733 20816.7109   2.0 1 1 153   KH
	       1791.51 20739.4033 20739.3008   2.0 1 1 19   KH
	       1833.14 20652.8642    20652.8   2.0 1 1 21   KH
	       1848.09 20621.7956    20621.9   2.0 1 1 
	       1991.95 20322.6255    20322.6   2.0 1 1 1321   KH
	function chebyshev
	order 4
	sample *
	naverage 1
	niterate 10
	low_reject 3.
	high_reject 3.
	grow 0.
	coefficients	8
		1.
		4.
		229.5003204345703
		1991.95068359375
		22150.01525584792
		-1825.273919425072
		-2.266252978447963
		0.1504114173158892

# Mon 11:05:46 05-Jun-2017
begin	identify wrgnN20100401S0137[SCI,21][*,65]
	id	wrgnN20100401S0137[SCI,21]
	task	identify
	image	wrgnN20100401S0137[SCI,21][*,65]
	units	Angstroms
	features	20
	        229.67 23973.3299   23973.05   2.0 1 1 766   KH
	        260.15 23910.5084    23911.2   2.0 1 1 14   KH
	        288.52 23852.0216   23851.54   2.0 1 1 1769   KH
	        633.72 23139.4544   23139.51   2.0 1 1 10   KH
	        711.74 22978.1866   22978.36   2.0 1 1 1769   KH
	        922.68 22541.8468   22539.74   2.0 1 0 10   KH
	       1058.16 22261.3358   22260.93   2.0 1 1 9   KH
	       1127.09 22118.5355 22118.6504   2.0 1 1 412   KH
	       1144.20 22083.0955   22083.21   2.0 1 1 10   KH
	       1162.41 22045.3623   22045.57   2.0 1 1 9   KH
	       1340.31  21676.515 21675.8906   2.0 1 1 54   KH
	       1406.16 21539.9155   21540.08   2.0 1 1 10   KH
	       1503.19 21338.5356    21338.7   2.0 1 1 19   KH
	       1650.34 21032.9946 21041.5703   2.0 1 0 21   KH
	       1670.22 20991.6928   20991.83   2.0 1 1 9   KH
	       1754.46 20816.6835 20816.7109   2.0 1 1 11   KH
	       1791.75 20739.1863 20739.3008   2.0 1 1 153   KH
	       1833.25 20652.9214    20652.8   2.0 1 1 19   KH
	       1848.19 20621.8684    20621.9   2.0 1 1 21   KH
	       1992.07 20322.6841    20322.6   2.0 1 1 
	function chebyshev
	order 4
	sample *
	naverage 1
	niterate 10
	low_reject 3.
	high_reject 3.
	grow 0.
	coefficients	8
		1.
		4.
		229.6741943359375
		1992.069580078125
		22150.07646413388
		-1825.413190348522
		-2.069440648593001
		0.09031148811263072

