# Mon 11:05:43 05-Jun-2017
begin	identify wrgnN20100401S0137[SCI,13][*,35]
	id	wrgnN20100401S0137[SCI,13]
	task	identify
	image	wrgnN20100401S0137[SCI,13][*,35]
	units	Angstrom
	features	25
	        226.39 24019.2915   24019.77   2.0 1 1 17   KH
	        249.09 23972.5427   23973.05   2.0 1 1 766   KH
	        278.38 23912.2157    23911.2   2.0 1 1 14   KH
	        307.99 23851.2147   23851.54   2.0 1 1 14   KH
	        338.52 23788.2998   23787.79   2.0 1 1 10   KH
	        653.08 23139.2554   23139.51   2.0 1 1 412   KH
	        730.87 22978.5535   22978.36   2.0 1 1 10   KH
	        943.11 22539.6215   22539.74   2.0 1 1 
	       1077.62 22261.1552   22260.93   2.0 1 1 1769   KH
	       1100.02 22214.7601   22215.73   2.0 1 1 10   KH
	       1146.42 22118.6353   22118.65   2.0 1 1 68   KH
	       1163.58 22083.0769   22083.21   2.0 1 1 11   KH
	       1181.76 22045.3969   22045.57   2.0 1 1 10   KH
	       1228.29 21948.9668   21947.81   2.0 1 1 19   KH
	       1359.90 21676.0465   21675.89   2.0 1 1 21   KH
	       1425.52  21539.895   21540.08   2.0 1 1 54   KH
	       1522.52 21338.5536    21338.7   2.0 1 1 832   KH
	       1567.50 21245.1355   21242.79   2.0 1 0 12   KH
	       1665.38 21041.8159   21041.57   2.0 1 1 11   KH
	       1689.52 20991.6543   20991.83   2.0 1 1 12   KH
	       1773.71 20816.6861   20816.71   2.0 1 1 140   KH
	       1810.86 20739.4398 20739.3008   2.0 1 1 19   KH
	       1852.54 20652.7614    20652.8   2.0 1 1 2 NOAO
	       1867.44 20621.7896    20621.9   2.0 1 1 50 NOAO
	       2011.24 20322.6124    20322.6   2.0 1 1 
	function chebyshev
	order 4
	sample *
	naverage 1
	niterate 10
	low_reject 3.
	high_reject 3.
	grow 0.
	coefficients	8
		1.
		4.
		226.3939514160156
		2011.238525390625
		22173.38784039087
		-1848.44413620092
		-2.435882901727846
		0.1046230636587625

# Mon 11:05:43 05-Jun-2017
begin	identify wrgnN20100401S0137[SCI,13][*,25]
	id	wrgnN20100401S0137[SCI,13]
	task	identify
	image	wrgnN20100401S0137[SCI,13][*,25]
	units	Angstroms
	features	23
	        226.57 24019.1918   24019.77   2.0 1 1 17   KH
	        249.13 23972.6907   23973.05   2.0 1 1 766   KH
	        278.59 23911.9696    23911.2   2.0 1 1 14   KH
	        308.04 23851.2392   23851.54   2.0 1 1 14   KH
	        338.43 23788.5829   23787.79   2.0 1 1 10   KH
	        653.12 23139.1413   23139.51   2.0 1 1 412   KH
	        731.08  22978.089   22978.36   2.0 1 1 10   KH
	        942.77 22540.4088   22539.74   2.0 1 1 
	       1077.75 22261.0645   22260.93   2.0 1 1 1769   KH
	       1146.50 22118.6886   22118.65   2.0 1 1 10   KH
	       1163.75  22082.969   22083.21   2.0 1 1 68   KH
	       1181.89 22045.3846   22045.57   2.0 1 1 11   KH
	       1229.34 21947.0638   21947.81   2.0 1 1 10   KH
	       1359.82 21676.5687   21675.89   2.0 1 1 19   KH
	       1425.64 21540.0257   21540.08   2.0 1 1 21   KH
	       1522.67 21338.6371    21338.7   2.0 1 1 54   KH
	       1665.62 21041.7101   21041.57   2.0 1 1 832   KH
	       1689.65 20991.7648   20991.83   2.0 1 1 12   KH
	       1773.83  20816.746   20816.71   2.0 1 1 11   KH
	       1810.94 20739.5657 20739.3008   2.0 1 1 12   KH
	       1852.64 20652.7962    20652.8   2.0 1 1 140   KH
	       1867.61 20621.6562    20621.9   2.0 1 1 19   KH
	       2011.26 20322.5565    20322.6   2.0 1 1 2 NOAO
	function chebyshev
	order 4
	sample *
	naverage 1
	niterate 10
	low_reject 3.
	high_reject 3.
	grow 0.
	coefficients	8
		1.
		4.
		226.5692596435547
		2011.257934570313
		22173.35001135822
		-1848.229484534203
		-2.475872136064714
		-0.08815818684105929

# Mon 11:05:43 05-Jun-2017
begin	identify wrgnN20100401S0137[SCI,13][*,15]
	id	wrgnN20100401S0137[SCI,13]
	task	identify
	image	wrgnN20100401S0137[SCI,13][*,15]
	units	Angstroms
	features	21
	        226.57 24019.5492   24019.77   2.0 1 1 17   KH
	        249.29 23972.7115   23973.05   2.0 1 1 766   KH
	        278.66 23912.1675    23911.2   2.0 1 1 14   KH
	        308.16  23851.335   23851.54   2.0 1 1 14   KH
	        653.27 23139.0861   23139.51   2.0 1 1 10   KH
	        731.23 22977.9968   22978.36   2.0 1 1 412   KH
	        942.89 22540.3187   22539.74   2.0 1 1 10   KH
	       1077.47 22261.7498   22260.93   2.0 1 1 
	       1146.65 22118.4794   22118.65   2.0 1 1 1769   KH
	       1163.87 22082.8137   22083.21   2.0 1 1 10   KH
	       1181.97 22045.2971   22045.57   2.0 1 1 68   KH
	       1359.95 21676.3598   21675.89   2.0 1 1 11   KH
	       1425.79  21539.796   21540.08   2.0 1 1 10   KH
	       1522.80 21338.4681    21338.7   2.0 1 1 19   KH
	       1665.71 21041.6672   21041.57   2.0 1 1 21   KH
	       1689.80 20991.6203   20991.83   2.0 1 1 54   KH
	       1773.93 20816.7501   20816.71   2.0 1 1 832   KH
	       1811.05 20739.5804 20739.3008   2.0 1 1 12   KH
	       1852.78 20652.7878    20652.8   2.0 1 1 11   KH
	       1867.72 20621.7172    20621.9   2.0 1 1 12   KH
	       2011.42 20322.6593    20322.6   2.0 1 1 140   KH
	function chebyshev
	order 4
	sample *
	naverage 1
	niterate 10
	low_reject 3.
	high_reject 3.
	grow 0.
	coefficients	8
		1.
		4.
		226.5665740966797
		2011.424194335937
		22173.43129461768
		-1848.419056248484
		-2.327044962694846
		-0.02589439433742724

# Mon 11:05:43 05-Jun-2017
begin	identify wrgnN20100401S0137[SCI,13][*,5]
	id	wrgnN20100401S0137[SCI,13]
	task	identify
	image	wrgnN20100401S0137[SCI,13][*,5]
	units	Angstroms
	features	19
	        227.01 24019.4779   24019.77   2.0 1 1 17   KH
	        249.52  23973.086   23973.05   2.0 1 1 766   KH
	        308.35 23851.8394   23851.54   2.0 1 1 14   KH
	        653.52 23139.4946   23139.51   2.0 1 1 14   KH
	        731.39 22978.5653   22978.36   2.0 1 1 10   KH
	        943.76 22539.2962   22539.74   2.0 1 1 412   KH
	       1146.83 22118.7629   22118.65   2.0 1 1 10   KH
	       1163.97 22083.2353   22083.21   2.0 1 1 
	       1182.09 22045.6803   22045.57   2.0 1 1 1769   KH
	       1360.41 21675.9194   21675.89   2.0 1 1 10   KH
	       1425.91 21539.9908   21540.08   2.0 1 1 68   KH
	       1522.93 21338.5891    21338.7   2.0 1 1 11   KH
	       1665.87  21041.663   21041.57   2.0 1 1 10   KH
	       1689.91 20991.7115   20991.83   2.0 1 1 19   KH
	       1774.03 20816.8357   20816.71   2.0 1 1 21   KH
	       1811.17 20739.6056 20739.3008   2.0 1 1 54   KH
	       1852.92 20652.7854    20652.8   2.0 1 1 832   KH
	       1867.85 20621.7192    20621.9   2.0 1 1 12   KH
	       2011.64 20322.5233    20322.6   2.0 1 1 11   KH
	function chebyshev
	order 4
	sample *
	naverage 1
	niterate 10
	low_reject 3.
	high_reject 3.
	grow 0.
	coefficients	8
		1.
		4.
		227.0059051513672
		2011.638305664062
		22173.375121975
		-1848.543537205218
		-2.37450898993636
		0.06622681938832107

# Mon 11:05:43 05-Jun-2017
begin	identify wrgnN20100401S0137[SCI,13][*,45]
	id	wrgnN20100401S0137[SCI,13]
	task	identify
	image	wrgnN20100401S0137[SCI,13][*,45]
	units	Angstroms
	features	22
	        226.23 24019.9157   24019.77   2.0 1 1 17   KH
	        248.99 23973.0004   23973.05   2.0 1 1 766   KH
	        307.91 23851.5435   23851.54   2.0 1 1 14   KH
	        338.01 23789.4606   23787.79   2.0 1 0 14   KH
	        652.99 23139.2435   23139.51   2.0 1 1 10   KH
	        731.05 22977.9175   22978.36   2.0 1 1 412   KH
	        942.46 22540.6069   22539.74   2.0 1 1 10   KH
	       1077.36 22261.3079   22260.93   2.0 1 1 
	       1098.19 22218.1537   22215.73   2.0 1 0 1769   KH
	       1146.12 22118.8592   22118.65   2.0 1 1 10   KH
	       1163.48 22082.8816   22083.21   2.0 1 1 68   KH
	       1181.72 22045.0818   22045.57   2.0 1 1 11   KH
	       1359.69 21676.0852   21675.89   2.0 1 1 10   KH
	       1425.36 21539.8527   21540.08   2.0 1 1 19   KH
	       1522.36 21338.5187    21338.7   2.0 1 1 21   KH
	       1665.11 21042.0629   21041.57   2.0 1 1 54   KH
	       1689.36 20991.6735   20991.83   2.0 1 1 832   KH
	       1773.64 20816.5363   20816.71   2.0 1 1 12   KH
	       1810.81 20739.2531 20739.3008   2.0 1 1 11   KH
	       1852.37 20652.8579    20652.8   2.0 1 1 12   KH
	       1867.29 20621.8241    20621.9   2.0 1 1 140   KH
	       2011.10 20322.6885    20322.6   2.0 1 1 19   KH
	function chebyshev
	order 4
	sample *
	naverage 1
	niterate 10
	low_reject 3.
	high_reject 3.
	grow 0.
	coefficients	8
		1.
		4.
		226.228500366211
		2011.095825195313
		22173.52576377213
		-1848.675110441695
		-2.223678220985735
		0.06154499530484307

# Mon 11:05:43 05-Jun-2017
begin	identify wrgnN20100401S0137[SCI,13][*,55]
	id	wrgnN20100401S0137[SCI,13]
	task	identify
	image	wrgnN20100401S0137[SCI,13][*,55]
	units	Angstroms
	features	21
	        226.16 24019.7884   24019.77   2.0 1 1 17   KH
	        248.88 23972.9869   23973.05   2.0 1 1 766   KH
	        307.76 23851.6442   23851.54   2.0 1 1 14   KH
	        338.76 23787.7387   23787.79   2.0 1 1 14   KH
	        652.87 23139.4253   23139.51   2.0 1 1 10   KH
	        730.76 22978.4521   22978.36   2.0 1 1 412   KH
	        942.88 22539.6752   22539.74   2.0 1 1 10   KH
	       1077.45 22261.0464   22260.93   2.0 1 1 
	       1146.15 22118.6943   22118.65   2.0 1 1 1769   KH
	       1163.27 22083.2268   22083.21   2.0 1 1 10   KH
	       1181.49 22045.4652   22045.57   2.0 1 1 68   KH
	       1359.71 21675.8982   21675.89   2.0 1 1 11   KH
	       1425.18 21540.0359   21540.08   2.0 1 1 10   KH
	       1522.19 21338.6737    21338.7   2.0 1 1 19   KH
	       1665.22 21041.5775   21041.57   2.0 1 1 21   KH
	       1689.19 20991.7772   20991.83   2.0 1 1 54   KH
	       1773.39 20816.7723   20816.71   2.0 1 1 832   KH
	       1810.64 20739.3449 20739.3008   2.0 1 1 12   KH
	       1852.22 20652.8749    20652.8   2.0 1 1 11   KH
	       1867.15 20621.8378    20621.9   2.0 1 1 12   KH
	       2011.01  20322.565    20322.6   2.0 1 1 140   KH
	function chebyshev
	order 4
	sample *
	naverage 1
	niterate 10
	low_reject 3.
	high_reject 3.
	grow 0.
	coefficients	8
		1.
		4.
		226.1590728759766
		2011.011840820312
		22173.49713773577
		-1848.719917447471
		-2.320457775862032
		0.108200370099735

# Mon 11:05:43 05-Jun-2017
begin	identify wrgnN20100401S0137[SCI,13][*,65]
	id	wrgnN20100401S0137[SCI,13]
	task	identify
	image	wrgnN20100401S0137[SCI,13][*,65]
	units	Angstroms
	features	19
	        225.78  24020.159   24019.77   2.0 1 1 17   KH
	        248.81 23972.7311   23973.05   2.0 1 1 766   KH
	        307.66 23851.5039   23851.54   2.0 1 1 14   KH
	        652.82 23139.3661   23139.51   2.0 1 1 14   KH
	        730.84  22978.142   22978.36   2.0 1 1 10   KH
	        942.56  22540.206   22539.74   2.0 1 1 412   KH
	       1146.11 22118.6143   22118.65   2.0 1 1 10   KH
	       1163.20 22083.1941   22083.21   2.0 1 1 
	       1181.39 22045.4874   22045.57   2.0 1 1 1769   KH
	       1359.48 21676.1875   21675.89   2.0 1 1 10   KH
	       1425.12 21539.9762   21540.08   2.0 1 1 68   KH
	       1522.14 21338.6003    21338.7   2.0 1 1 11   KH
	       1665.26 21041.3494   21041.57   2.0 1 1 10   KH
	       1689.14 20991.7377   20991.83   2.0 1 1 19   KH
	       1773.29 20816.8638   20816.71   2.0 1 1 21   KH
	       1810.58 20739.3736 20739.3008   2.0 1 1 54   KH
	       1852.17 20652.9115    20652.8   2.0 1 1 832   KH
	       1867.18 20621.7017    20621.9   2.0 1 1 12   KH
	       2010.98 20322.6753    20322.6   2.0 1 1 11   KH
	function chebyshev
	order 4
	sample *
	naverage 1
	niterate 10
	low_reject 3.
	high_reject 3.
	grow 0.
	coefficients	8
		1.
		4.
		225.775894165039
		2010.978271484375
		22173.75125283266
		-1848.93119208847
		-2.334097759460258
		0.1893290480363349

