# Mon 11:05:47 05-Jun-2017
begin	identify wrgnN20100401S0137[SCI,27][*,35]
	id	wrgnN20100401S0137[SCI,27]
	task	identify
	image	wrgnN20100401S0137[SCI,27][*,35]
	units	Angstrom
	features	25
	        182.95 24019.6098   24019.77   2.0 1 1 17   KH
	        205.50 23973.1358   23973.05   2.0 1 1 766   KH
	        234.67 23913.0288    23911.2   2.0 1 0 14   KH
	        264.42 23851.6879   23851.54   2.0 1 1 14   KH
	        296.35  23785.864   23787.79   2.0 1 0 10   KH
	        609.61 23139.3818 23139.5098   2.0 1 1 14   KH
	        687.60 22978.2741   22978.36   2.0 1 1 10   KH
	        899.55 22540.0557   22539.74   2.0 1 1 1769   KH
	       1034.55 22260.6804 22260.9297   2.0 1 1 10   KH
	       1103.16 22118.6153   22118.65   2.0 1 1 9   KH
	       1120.34 22083.0224   22083.21   2.0 1 1 
	       1138.51 22045.3891   22045.57   2.0 1 1 68   KH
	       1185.41 21948.2362   21947.81   2.0 1 1 9   KH
	       1271.91 21768.9681   21770.25   2.0 1 0 21   KH
	       1316.58 21676.3642   21675.89   2.0 1 1 
	       1382.36 21539.9467   21540.08   2.0 1 1 19   KH
	       1479.41  21338.593    21338.7   2.0 1 1 21   KH
	       1525.72 21242.4741   21242.79   2.0 1 1 12   KH
	       1622.46 21041.6037 21041.5703   2.0 1 1 54   KH
	       1646.48 20991.7193   20991.83   2.0 1 1 153   KH
	       1730.66 20816.8145 20816.7109   2.0 1 1 259   KH
	       1767.87 20739.4823 20739.3008   2.0 1 1 19   KH
	       1809.52  20652.887    20652.8   2.0 1 1 21   KH
	       1824.50 20621.7484    20621.9   2.0 1 1 12   KH
	       1968.33   20322.59    20322.6   2.0 1 1 68   KH
	function chebyshev
	order 4
	sample *
	naverage 1
	niterate 10
	low_reject 3.
	high_reject 3.
	grow 0.
	coefficients	8
		1.
		4.
		182.9507751464844
		1968.326049804687
		22173.35308936799
		-1848.508350529724
		-2.253206365492263
		-0.001537413372504831

# Mon 11:05:47 05-Jun-2017
begin	identify wrgnN20100401S0137[SCI,27][*,25]
	id	wrgnN20100401S0137[SCI,27]
	task	identify
	image	wrgnN20100401S0137[SCI,27][*,25]
	units	Angstroms
	features	23
	        182.06 24020.2179   24019.77   2.0 1 1 17   KH
	        205.16 23972.6656   23973.05   2.0 1 1 766   KH
	        234.97 23911.2872    23911.2   2.0 1 1 14   KH
	        264.07 23851.3426   23851.54   2.0 1 1 14   KH
	        609.29 23139.4047 23139.5098   2.0 1 1 10   KH
	        687.20 22978.5118   22978.36   2.0 1 1 14   KH
	        899.93 22538.7578   22539.74   2.0 1 0 10   KH
	       1034.16 22260.9772 22260.9297   2.0 1 1 1769   KH
	       1102.89 22118.6394   22118.65   2.0 1 1 10   KH
	       1120.04 22083.1244   22083.21   2.0 1 1 9   KH
	       1138.17  22045.578   22045.57   2.0 1 1 
	       1186.00 21946.4688   21947.81   2.0 1 0 68   KH
	       1316.42 21676.1305   21675.89   2.0 1 1 9   KH
	       1382.05 21539.9983   21540.08   2.0 1 1 21   KH
	       1479.09 21338.6464    21338.7   2.0 1 1 
	       1527.59 21237.9685   21242.79   2.0 1 0 19   KH
	       1622.23 21041.4504 21041.5703   2.0 1 1 21   KH
	       1646.15 20991.7535   20991.83   2.0 1 1 12   KH
	       1730.37 20816.7644 20816.7109   2.0 1 1 54   KH
	       1767.62 20739.3609 20739.3008   2.0 1 1 153   KH
	       1809.22 20652.8725    20652.8   2.0 1 1 259   KH
	       1824.15 20621.8247    20621.9   2.0 1 1 19   KH
	       1968.02 20322.6209    20322.6   2.0 1 1 21   KH
	function chebyshev
	order 4
	sample *
	naverage 1
	niterate 10
	low_reject 3.
	high_reject 3.
	grow 0.
	coefficients	8
		1.
		4.
		182.0608367919922
		1968.015991210938
		22173.87300519501
		-1848.89543078494
		-2.453616874760911
		0.0969593562181693

# Mon 11:05:47 05-Jun-2017
begin	identify wrgnN20100401S0137[SCI,27][*,15]
	id	wrgnN20100401S0137[SCI,27]
	task	identify
	image	wrgnN20100401S0137[SCI,27][*,15]
	units	Angstroms
	features	21
	        182.21 24019.8199   24019.77   2.0 1 1 17   KH
	        204.98 23972.9439   23973.05   2.0 1 1 766   KH
	        234.96 23911.1869    23911.2   2.0 1 1 14   KH
	        263.89 23851.5877   23851.54   2.0 1 1 14   KH
	        609.08 23139.5945 23139.5098   2.0 1 1 10   KH
	        687.16 22978.3223   22978.36   2.0 1 1 14   KH
	       1034.03 22260.9243 22260.9297   2.0 1 1 10   KH
	       1102.67 22118.8016   22118.65   2.0 1 1 1769   KH
	       1119.85 22083.1975   22083.21   2.0 1 1 10   KH
	       1137.97 22045.6638   22045.57   2.0 1 1 9   KH
	       1185.33 21947.5483   21947.81   2.0 1 1 
	       1316.01 21676.6429   21675.89   2.0 1 0 68   KH
	       1381.88 21540.0167   21540.08   2.0 1 1 9   KH
	       1478.92 21338.6465    21338.7   2.0 1 1 21   KH
	       1622.00 21041.5418 21041.5703   2.0 1 1 
	       1645.96 20991.7549   20991.83   2.0 1 1 19   KH
	       1730.11 20816.8752 20816.7109   2.0 1 1 21   KH
	       1767.31 20739.5543 20739.3008   2.0 1 1 12   KH
	       1809.00 20652.8717    20652.8   2.0 1 1 54   KH
	       1823.96 20621.7606    20621.9   2.0 1 1 153   KH
	       1967.81 20322.4791    20322.6   2.0 1 1 259   KH
	function chebyshev
	order 4
	sample *
	naverage 1
	niterate 10
	low_reject 3.
	high_reject 3.
	grow 0.
	coefficients	8
		1.
		4.
		182.2147827148438
		1967.813110351563
		22173.60904428102
		-1848.718024491895
		-2.459528118123546
		0.04759118055937631

# Mon 11:05:47 05-Jun-2017
begin	identify wrgnN20100401S0137[SCI,27][*,5]
	id	wrgnN20100401S0137[SCI,27]
	task	identify
	image	wrgnN20100401S0137[SCI,27][*,5]
	units	Angstroms
	features	21
	        182.05 24019.6676   24019.77   2.0 1 1 17   KH
	        204.79 23972.8102   23973.05   2.0 1 1 766   KH
	        234.46 23911.6951    23911.2   2.0 1 1 14   KH
	        263.67 23851.4995   23851.54   2.0 1 1 14   KH
	        608.88 23139.3383 23139.5098   2.0 1 1 10   KH
	        686.91  22978.171   22978.36   2.0 1 1 14   KH
	       1033.48 22261.4389 22260.9297   2.0 1 1 10   KH
	       1102.33 22118.8865   22118.65   2.0 1 1 1769   KH
	       1119.60 22083.1028   22083.21   2.0 1 1 10   KH
	       1137.80 22045.4211   22045.57   2.0 1 1 9   KH
	       1185.56 21946.4668   21947.81   2.0 1 0 
	       1316.18 21675.7254   21675.89   2.0 1 1 68   KH
	       1381.62 21539.9999   21540.08   2.0 1 1 9   KH
	       1478.69  21338.601    21338.7   2.0 1 1 21   KH
	       1621.70 21041.6693 21041.5703   2.0 1 1 
	       1645.76 20991.6877   20991.83   2.0 1 1 19   KH
	       1729.91 20816.8206 20816.7109   2.0 1 1 21   KH
	       1767.08 20739.5449 20739.3008   2.0 1 1 12   KH
	       1808.83 20652.7432    20652.8   2.0 1 1 54   KH
	       1823.75 20621.7182    20621.9   2.0 1 1 153   KH
	       1967.52 20322.6303    20322.6   2.0 1 1 259   KH
	function chebyshev
	order 4
	sample *
	naverage 1
	niterate 10
	low_reject 3.
	high_reject 3.
	grow 0.
	coefficients	8
		1.
		4.
		182.0458374023438
		1967.517578125
		22173.53738065003
		-1848.526980838606
		-2.388415782721086
		0.008360060484476836

# Mon 11:05:47 05-Jun-2017
begin	identify wrgnN20100401S0137[SCI,27][*,45]
	id	wrgnN20100401S0137[SCI,27]
	task	identify
	image	wrgnN20100401S0137[SCI,27][*,45]
	units	Angstroms
	features	20
	        183.35 24019.3365   24019.77   2.0 1 1 17   KH
	        205.87 23972.9369   23973.05   2.0 1 1 766   KH
	        235.50 23911.8816    23911.2   2.0 1 1 14   KH
	        264.77 23851.5385   23851.54   2.0 1 1 14   KH
	        609.96 23139.3491 23139.5098   2.0 1 1 10   KH
	        687.94 22978.2843   22978.36   2.0 1 1 14   KH
	       1034.73 22261.0695 22260.9297   2.0 1 1 10   KH
	       1103.44 22118.7978   22118.65   2.0 1 1 1769   KH
	       1120.72 22083.0277   22083.21   2.0 1 1 10   KH
	       1138.84 22045.4823   22045.57   2.0 1 1 9   KH
	       1316.98 21676.3165   21675.89   2.0 1 1 
	       1382.73  21539.946   21540.08   2.0 1 1 68   KH
	       1479.84 21338.4618    21338.7   2.0 1 1 9   KH
	       1622.89 21041.4785 21041.5703   2.0 1 1 21   KH
	       1646.85 20991.6981   20991.83   2.0 1 1 
	       1731.01 20816.8235 20816.7109   2.0 1 1 19   KH
	       1768.17 20739.5971 20739.3008   2.0 1 1 21   KH
	       1809.89 20652.8492    20652.8   2.0 1 1 12   KH
	       1824.86 20621.7319    20621.9   2.0 1 1 54   KH
	       1968.67 20322.5646    20322.6   2.0 1 1 153   KH
	function chebyshev
	order 4
	sample *
	naverage 1
	niterate 10
	low_reject 3.
	high_reject 3.
	grow 0.
	coefficients	8
		1.
		4.
		183.3474273681641
		1968.667236328125
		22173.2824873552
		-1848.381626493256
		-2.331909904081741
		-0.004316214793259169

# Mon 11:05:47 05-Jun-2017
begin	identify wrgnN20100401S0137[SCI,27][*,55]
	id	wrgnN20100401S0137[SCI,27]
	task	identify
	image	wrgnN20100401S0137[SCI,27][*,55]
	units	Angstroms
	features	19
	        183.32 24019.7094   24019.77   2.0 1 1 17   KH
	        206.09 23972.7969   23973.05   2.0 1 1 766   KH
	        235.73 23911.7266    23911.2   2.0 1 1 14   KH
	        265.01 23851.3687   23851.54   2.0 1 1 14   KH
	        610.20 23139.2329 23139.5098   2.0 1 1 10   KH
	        687.98 22978.5796   22978.36   2.0 1 1 14   KH
	       1034.89 22261.2544 22260.9297   2.0 1 1 10   KH
	       1103.79 22118.6055   22118.65   2.0 1 1 1769   KH
	       1120.97 22083.0286   22083.21   2.0 1 1 10   KH
	       1139.09 22045.5032   22045.57   2.0 1 1 9   KH
	       1382.99 21540.0189   21540.08   2.0 1 1 
	       1480.02 21338.7108    21338.7   2.0 1 1 68   KH
	       1623.24 21041.3559 21041.5703   2.0 1 1 9   KH
	       1647.07 20991.8443   20991.83   2.0 1 1 21   KH
	       1731.28 20816.8469 20816.7109   2.0 1 1 
	       1768.52  20739.436 20739.3008   2.0 1 1 19   KH
	       1810.12 20652.9464    20652.8   2.0 1 1 21   KH
	       1825.08 20621.8344    20621.9   2.0 1 1 12   KH
	       1968.95 20322.4823    20322.6   2.0 1 1 54   KH
	function chebyshev
	order 4
	sample *
	naverage 1
	niterate 10
	low_reject 3.
	high_reject 3.
	grow 0.
	coefficients	8
		1.
		4.
		183.3246154785156
		1968.946044921875
		22173.48185319804
		-1848.560582487978
		-2.386045954102765
		-0.05296244235093748

# Mon 11:05:47 05-Jun-2017
begin	identify wrgnN20100401S0137[SCI,27][*,65]
	id	wrgnN20100401S0137[SCI,27]
	task	identify
	image	wrgnN20100401S0137[SCI,27][*,65]
	units	Angstroms
	features	18
	        183.86  24019.368   24019.77   2.0 1 1 17   KH
	        206.28 23973.1785   23973.05   2.0 1 1 766   KH
	        265.17 23851.8178   23851.54   2.0 1 1 14   KH
	        610.42 23139.5275 23139.5098   2.0 1 1 14   KH
	        688.29 22978.6808   22978.36   2.0 1 1 10   KH
	       1035.84  22259.954 22260.9297   2.0 1 1 14   KH
	       1104.10 22118.6079   22118.65   2.0 1 1 10   KH
	       1121.11 22083.3933   22083.21   2.0 1 1 1769   KH
	       1139.25 22045.8212   22045.57   2.0 1 1 10   KH
	       1383.11 21540.3039   21540.08   2.0 1 1 9   KH
	       1480.16 21338.9175    21338.7   2.0 1 1 
	       1623.61  21041.016 21041.5703   2.0 1 1 68   KH
	       1647.22 20991.9695   20991.83   2.0 1 1 9   KH
	       1731.48 20816.8283 20816.7109   2.0 1 1 21   KH
	       1768.68 20739.4868 20739.3008   2.0 1 1 
	       1810.31 20652.9042    20652.8   2.0 1 1 19   KH
	       1825.24 20621.8536    20621.9   2.0 1 1 21   KH
	       1969.09 20322.4527    20322.6   2.0 1 1 12   KH
	function chebyshev
	order 4
	sample *
	naverage 1
	niterate 10
	low_reject 3.
	high_reject 3.
	grow 0.
	coefficients	8
		1.
		4.
		183.8611145019531
		1969.086181640625
		22173.36590548732
		-1848.40413580653
		-2.455570036212253
		-0.05351276770951757

