# Mon 11:05:46 05-Jun-2017
begin	identify wrgnN20100401S0137[SCI,20][*,35]
	id	wrgnN20100401S0137[SCI,20]
	task	identify
	image	wrgnN20100401S0137[SCI,20][*,35]
	units	Angstrom
	features	24
	        209.72 24020.1822   24019.77   2.0 1 1 17   KH
	        232.58 23973.0653   23973.05   2.0 1 1 766   KH
	        263.01 23910.3136    23911.2   2.0 1 1 14   KH
	        291.47 23851.6305   23851.54   2.0 1 1 1769   KH
	        322.25 23788.1669   23787.79   2.0 1 1 1769   KH
	        636.61 23139.3045   23139.51   2.0 1 1 10   KH
	        926.48 22540.0468   22539.74   2.0 1 1 
	       1061.34 22260.9268   22260.93   2.0 1 1 9   KH
	       1082.73 22216.6278   22215.73   2.0 1 1 10   KH
	       1129.95   22118.83 22118.6504   2.0 1 1 11   KH
	       1147.16 22083.1777   22083.21   2.0 1 1 10   KH
	       1165.33 22045.5498   22045.57   2.0 1 1 412   KH
	       1213.07 21946.6283   21947.81   2.0 1 1 19   KH
	       1343.88  21675.445   21675.89   2.0 1 1 12   KH
	       1409.13 21540.0908   21540.08   2.0 1 1 832   KH
	       1506.13 21338.7646    21338.7   2.0 1 1 153   KH
	       1550.62 21246.3914   21242.79   2.0 1 0 12   KH
	       1649.02  21042.009   21041.57   2.0 1 1 12   KH
	       1673.17 20991.8211   20991.83   2.0 1 1 42   KH
	       1757.39 20816.7405   20816.71   2.0 1 1 140   KH
	       1794.55 20739.4565 20739.3008   2.0 1 1 12   KH
	       1836.17 20652.8934 20652.8008   2.0 1 1 10   KH
	       1851.11 20621.7997    20621.9   2.0 1 1 
	       1994.94 20322.4112    20322.6   2.0 1 1 50 NOAO
	function chebyshev
	order 4
	sample *
	naverage 1
	niterate 10
	low_reject 3.
	high_reject 3.
	grow 0.
	coefficients	8
		1.
		4.
		209.7219543457031
		1994.940185546875
		22173.66708607609
		-1848.812089337284
		-2.370400073319594
		-0.0734249171694588

# Mon 11:05:46 05-Jun-2017
begin	identify wrgnN20100401S0137[SCI,20][*,25]
	id	wrgnN20100401S0137[SCI,20]
	task	identify
	image	wrgnN20100401S0137[SCI,20][*,25]
	units	Angstroms
	features	22
	        209.70 24019.8032   24019.77   2.0 1 1 17   KH
	        232.53 23972.8061   23973.05   2.0 1 1 766   KH
	        262.59 23910.8957    23911.2   2.0 1 1 14   KH
	        291.36 23851.6203   23851.54   2.0 1 1 1769   KH
	        322.06 23788.3758   23787.79   2.0 1 1 1769   KH
	        636.56 23139.5207   23139.51   2.0 1 1 10   KH
	        927.16 22538.7095   22539.74   2.0 1 1 
	       1061.30 22261.0002   22260.93   2.0 1 1 9   KH
	       1082.76 22216.5417   22215.73   2.0 1 1 10   KH
	       1129.89 22118.8954 22118.6504   2.0 1 1 11   KH
	       1147.06 22083.3203   22083.21   2.0 1 1 10   KH
	       1165.20 22045.7328   22045.57   2.0 1 1 412   KH
	       1343.86  21675.282   21675.89   2.0 1 1 19   KH
	       1409.04 21540.0398   21540.08   2.0 1 1 12   KH
	       1506.05 21338.6582    21338.7   2.0 1 1 832   KH
	       1649.01 21041.7315   21041.57   2.0 1 1 153   KH
	       1673.08 20991.7391   20991.83   2.0 1 1 12   KH
	       1757.23 20816.8502   20816.71   2.0 1 1 12   KH
	       1794.52  20739.317 20739.3008   2.0 1 1 42   KH
	       1836.09 20652.8804 20652.8008   2.0 1 1 140   KH
	       1851.04 20621.7924    20621.9   2.0 1 1 12   KH
	       1994.90 20322.5598    20322.6   2.0 1 1 10   KH
	function chebyshev
	order 4
	sample *
	naverage 1
	niterate 10
	low_reject 3.
	high_reject 3.
	grow 0.
	coefficients	8
		1.
		4.
		209.6997985839844
		1994.896484375
		22173.62427441746
		-1848.766282414852
		-2.442746564630734
		0.1445730453987141

# Mon 11:05:46 05-Jun-2017
begin	identify wrgnN20100401S0137[SCI,20][*,15]
	id	wrgnN20100401S0137[SCI,20]
	task	identify
	image	wrgnN20100401S0137[SCI,20][*,15]
	units	Angstroms
	features	20
	        209.97 24019.6059   24019.77   2.0 1 1 17   KH
	        232.61 23972.9776   23973.05   2.0 1 1 766   KH
	        291.42 23851.8388   23851.54   2.0 1 1 14   KH
	        636.65 23139.5622   23139.51   2.0 1 1 1769   KH
	        926.95 22539.2717   22539.74   2.0 1 1 1769   KH
	       1061.47   22260.75   22260.93   2.0 1 1 10   KH
	       1083.07 22216.0047   22215.73   2.0 1 1 
	       1129.95 22118.8602 22118.6504   2.0 1 1 9   KH
	       1147.09 22083.3415   22083.21   2.0 1 1 10   KH
	       1165.25 22045.7067   22045.57   2.0 1 1 11   KH
	       1343.67 21675.7157   21675.89   2.0 1 1 10   KH
	       1409.07 21540.0229   21540.08   2.0 1 1 412   KH
	       1506.08 21338.6441    21338.7   2.0 1 1 19   KH
	       1649.05 21041.6946   21041.57   2.0 1 1 12   KH
	       1673.11 20991.7173   20991.83   2.0 1 1 832   KH
	       1757.26 20816.8225   20816.71   2.0 1 1 153   KH
	       1794.57 20739.2651 20739.3008   2.0 1 1 12   KH
	       1836.12 20652.8905 20652.8008   2.0 1 1 12   KH
	       1851.07 20621.8003    20621.9   2.0 1 1 42   KH
	       1994.93 20322.5898    20322.6   2.0 1 1 140   KH
	function chebyshev
	order 4
	sample *
	naverage 1
	niterate 10
	low_reject 3.
	high_reject 3.
	grow 0.
	coefficients	8
		1.
		4.
		209.971694946289
		1994.92724609375
		22173.47312642738
		-1848.665767508396
		-2.375283508902421
		0.1577408148555623

# Mon 11:05:46 05-Jun-2017
begin	identify wrgnN20100401S0137[SCI,20][*,5]
	id	wrgnN20100401S0137[SCI,20]
	task	identify
	image	wrgnN20100401S0137[SCI,20][*,5]
	units	Angstroms
	features	18
	        232.22 23973.1303   23973.05   2.0 1 1 17   KH
	        291.31 23851.4331   23851.54   2.0 1 1 766   KH
	        636.40 23139.5898   23139.51   2.0 1 1 14   KH
	       1061.46 22260.4483   22260.93   2.0 1 1 1769   KH
	       1083.76 22214.2582   22215.73   2.0 1 0 1769   KH
	       1129.83 22118.8214 22118.6504   2.0 1 1 10   KH
	       1146.99 22083.2615   22083.21   2.0 1 1 
	       1165.11  22045.703   22045.57   2.0 1 1 9   KH
	       1343.30 21676.2547   21675.89   2.0 1 1 10   KH
	       1408.97  21539.997   21540.08   2.0 1 1 11   KH
	       1505.99 21338.6148    21338.7   2.0 1 1 10   KH
	       1649.13 21041.3139   21041.57   2.0 1 1 412   KH
	       1673.01 20991.6968   20991.83   2.0 1 1 19   KH
	       1757.11 20816.8875   20816.71   2.0 1 1 12   KH
	       1794.35 20739.4721 20739.3008   2.0 1 1 832   KH
	       1836.00 20652.8635 20652.8008   2.0 1 1 153   KH
	       1850.97 20621.7437    20621.9   2.0 1 1 12   KH
	       1994.76 20322.6106    20322.6   2.0 1 1 12   KH
	function chebyshev
	order 4
	sample *
	naverage 1
	niterate 10
	low_reject 3.
	high_reject 3.
	grow 0.
	coefficients	8
		1.
		4.
		232.2217407226562
		1994.763793945313
		22150.2679302553
		-1825.385990696473
		-2.397495137085229
		0.1261635677406269

# Mon 11:05:46 05-Jun-2017
begin	identify wrgnN20100401S0137[SCI,20][*,45]
	id	wrgnN20100401S0137[SCI,20]
	task	identify
	image	wrgnN20100401S0137[SCI,20][*,45]
	units	Angstroms
	features	20
	        209.98 24019.7393   24019.77   2.0 1 1 17   KH
	        232.66 23972.9926   23973.05   2.0 1 1 766   KH
	        262.67 23911.1578    23911.2   2.0 1 1 14   KH
	        291.49  23851.733   23851.54   2.0 1 1 1769   KH
	        636.68 23139.3516   23139.51   2.0 1 1 1769   KH
	        926.63 22539.8223   22539.74   2.0 1 1 10   KH
	       1062.12 22259.3318   22260.93   2.0 1 0 
	       1083.10  22215.874   22215.73   2.0 1 1 9   KH
	       1130.02  22118.668 22118.6504   2.0 1 1 10   KH
	       1147.16 22083.1592   22083.21   2.0 1 1 11   KH
	       1165.32 22045.5372   22045.57   2.0 1 1 10   KH
	       1409.12 21540.0039   21540.08   2.0 1 1 412   KH
	       1506.15 21338.6198    21338.7   2.0 1 1 19   KH
	       1649.11 21041.7289   21041.57   2.0 1 1 12   KH
	       1673.16 20991.7586   20991.83   2.0 1 1 832   KH
	       1757.38 20816.7471   20816.71   2.0 1 1 153   KH
	       1794.66 20739.2386 20739.3008   2.0 1 1 12   KH
	       1836.19 20652.9031 20652.8008   2.0 1 1 12   KH
	       1851.13 20621.8337    20621.9   2.0 1 1 42   KH
	       1994.98 20322.5933    20322.6   2.0 1 1 140   KH
	function chebyshev
	order 4
	sample *
	naverage 1
	niterate 10
	low_reject 3.
	high_reject 3.
	grow 0.
	coefficients	8
		1.
		4.
		209.9758605957031
		1994.98388671875
		22173.44848984822
		-1848.637944539439
		-2.28218899285409
		0.06491330672703997

# Mon 11:05:46 05-Jun-2017
begin	identify wrgnN20100401S0137[SCI,20][*,55]
	id	wrgnN20100401S0137[SCI,20]
	task	identify
	image	wrgnN20100401S0137[SCI,20][*,55]
	units	Angstroms
	features	19
	        209.88  24019.865   24019.77   2.0 1 1 17   KH
	        232.81 23972.6415   23973.05   2.0 1 1 766   KH
	        262.39 23911.7289    23911.2   2.0 1 1 14   KH
	        291.68 23851.3798   23851.54   2.0 1 1 1769   KH
	        636.84 23139.3347   23139.51   2.0 1 1 1769   KH
	       1061.33 22261.3434   22260.93   2.0 1 1 10   KH
	       1082.76 22216.9577   22215.73   2.0 1 0 
	       1130.27 22118.5327 22118.6504   2.0 1 1 9   KH
	       1147.31 22083.2149   22083.21   2.0 1 1 10   KH
	       1165.55 22045.4244   22045.57   2.0 1 1 11   KH
	       1409.25 21540.0562   21540.08   2.0 1 1 10   KH
	       1506.28 21338.6487    21338.7   2.0 1 1 412   KH
	       1649.21 21041.7979   21041.57   2.0 1 1 19   KH
	       1673.31 20991.7293   20991.83   2.0 1 1 12   KH
	       1757.56 20816.6345   20816.71   2.0 1 1 832   KH
	       1794.78 20739.2744 20739.3008   2.0 1 1 153   KH
	       1836.36 20652.8166 20652.8008   2.0 1 1 12   KH
	       1851.26 20621.8331    20621.9   2.0 1 1 12   KH
	       1995.09 20322.6659    20322.6   2.0 1 1 42   KH
	function chebyshev
	order 4
	sample *
	naverage 1
	niterate 10
	low_reject 3.
	high_reject 3.
	grow 0.
	coefficients	8
		1.
		4.
		209.8804931640625
		1995.089965820312
		22173.67907365636
		-1848.730838225903
		-2.413599680301735
		0.1312889874819248

# Mon 11:05:46 05-Jun-2017
begin	identify wrgnN20100401S0137[SCI,20][*,65]
	id	wrgnN20100401S0137[SCI,20]
	task	identify
	image	wrgnN20100401S0137[SCI,20][*,65]
	units	Angstroms
	features	19
	        210.16 24019.8431   24019.77   2.0 1 1 17   KH
	        232.88 23973.0308   23973.05   2.0 1 1 766   KH
	        262.99 23910.9886    23911.2   2.0 1 1 14   KH
	        291.76 23851.6983   23851.54   2.0 1 1 1769   KH
	        636.90 23139.5265   23139.51   2.0 1 1 1769   KH
	       1061.72 22260.7496   22260.93   2.0 1 1 10   KH
	       1082.62 22217.4534   22215.73   2.0 1 0 
	       1130.17 22118.9376 22118.6504   2.0 1 1 9   KH
	       1147.42 22083.2062   22083.21   2.0 1 1 10   KH
	       1165.64 22045.4395   22045.57   2.0 1 1 11   KH
	       1409.32 21540.0873   21540.08   2.0 1 1 10   KH
	       1506.38 21338.6342    21338.7   2.0 1 1 412   KH
	       1649.28 21041.8366   21041.57   2.0 1 1 19   KH
	       1673.35  20991.814   20991.83   2.0 1 1 12   KH
	       1757.73 20816.4512   20816.71   2.0 1 1 832   KH
	       1794.75 20739.4856 20739.3008   2.0 1 1 153   KH
	       1836.48  20652.733 20652.8008   2.0 1 1 12   KH
	       1851.35 20621.7948    20621.9   2.0 1 1 12   KH
	       1995.15 20322.6651    20322.6   2.0 1 1 42   KH
	function chebyshev
	order 4
	sample *
	naverage 1
	niterate 10
	low_reject 3.
	high_reject 3.
	grow 0.
	coefficients	8
		1.
		4.
		210.1552124023438
		1995.149536132813
		22173.60382188746
		-1848.689599321644
		-2.34973149673138
		0.10059887350811

