# Mon 11:05:46 05-Jun-2017
begin	identify wrgnN20100401S0137[SCI,22][*,35]
	id	wrgnN20100401S0137[SCI,22]
	task	identify
	image	wrgnN20100401S0137[SCI,22][*,35]
	units	Angstrom
	features	22
	        202.94 24019.8449   24019.77   2.0 1 1 17   KH
	        225.85 23972.6494   23973.05   2.0 1 1 17   KH
	        255.34 23911.9025    23911.2   2.0 1 1 14   KH
	        284.76 23851.2832   23851.54   2.0 1 1 1769   KH
	        629.91 23139.1962   23139.51   2.0 1 1 14   KH
	        707.94 22977.9922   22978.36   2.0 1 1 1769   KH
	        919.54 22540.4649   22539.74   2.0 1 1 9   KH
	       1054.40 22261.3506   22260.93   2.0 1 1 11   KH
	       1075.45 22217.7521   22215.73   2.0 1 0 10   KH
	       1123.30 22118.6463   22118.65   2.0 1 1 68   KH
	       1140.50 22083.0074   22083.21   2.0 1 1 412   KH
	       1158.67 22045.3826   22045.57   2.0 1 1 1769   KH
	       1402.49 21539.8804   21540.08   2.0 1 1 832   KH
	       1499.52 21338.5141    21338.7   2.0 1 1 153   KH
	       1547.42 21239.0721   21242.79   2.0 1 0 12   KH
	       1642.42 21041.7843   21041.57   2.0 1 1 10   KH
	       1666.54 20991.6823   20991.83   2.0 1 1 12   KH
	       1750.72 20816.7731   20816.71   2.0 1 1 42   KH
	       1787.92 20739.4472 20739.3008   2.0 1 1 412   KH
	       1829.57 20652.8582 20652.8008   2.0 1 1 54   KH
	       1844.52 20621.7614    20621.9   2.0 1 1 9   KH
	       1988.34 20322.6002    20322.6   2.0 1 1 11   KH
	function chebyshev
	order 4
	sample *
	naverage 1
	niterate 10
	low_reject 3.
	high_reject 3.
	grow 0.
	coefficients	8
		1.
		4.
		202.9424438476563
		1988.343627929688
		22173.57718474983
		-1848.685455217039
		-2.354614018899416
		0.06313240193355423

# Mon 11:05:46 05-Jun-2017
begin	identify wrgnN20100401S0137[SCI,22][*,25]
	id	wrgnN20100401S0137[SCI,22]
	task	identify
	image	wrgnN20100401S0137[SCI,22][*,25]
	units	Angstroms
	features	20
	        202.89 24019.9645   24019.77   2.0 1 1 17   KH
	        225.77 23972.8444   23973.05   2.0 1 1 17   KH
	        255.68 23911.2198    23911.2   2.0 1 1 14   KH
	        284.63 23851.5512   23851.54   2.0 1 1 1769   KH
	        629.83 23139.3194   23139.51   2.0 1 1 14   KH
	        707.69 22978.4645   22978.36   2.0 1 1 1769   KH
	        919.80 22539.8437   22539.74   2.0 1 1 9   KH
	       1054.57 22260.8562   22260.93   2.0 1 1 11   KH
	       1123.11 22118.9016   22118.65   2.0 1 1 10   KH
	       1140.34 22083.1891   22083.21   2.0 1 1 68   KH
	       1158.57 22045.4151   22045.57   2.0 1 1 412   KH
	       1402.31 21540.0333   21540.08   2.0 1 1 1769   KH
	       1499.35 21338.6323    21338.7   2.0 1 1 832   KH
	       1642.24 21041.8953   21041.57   2.0 1 1 153   KH
	       1666.40 20991.6977   20991.83   2.0 1 1 12   KH
	       1750.65 20816.6127   20816.71   2.0 1 1 10   KH
	       1787.81  20739.361 20739.3008   2.0 1 1 12   KH
	       1829.47 20652.7537 20652.8008   2.0 1 1 42   KH
	       1844.36 20621.7775    20621.9   2.0 1 1 412   KH
	       1988.14 20322.6885    20322.6   2.0 1 1 54   KH
	function chebyshev
	order 4
	sample *
	naverage 1
	niterate 10
	low_reject 3.
	high_reject 3.
	grow 0.
	coefficients	8
		1.
		4.
		202.893814086914
		1988.140258789062
		22173.6892849783
		-1848.711406762949
		-2.362814013540084
		0.0734002623957672

# Mon 11:05:46 05-Jun-2017
begin	identify wrgnN20100401S0137[SCI,22][*,15]
	id	wrgnN20100401S0137[SCI,22]
	task	identify
	image	wrgnN20100401S0137[SCI,22][*,15]
	units	Angstroms
	features	20
	        202.89 24019.6421   24019.77   2.0 1 1 17   KH
	        225.60 23972.8735   23973.05   2.0 1 1 17   KH
	        255.38 23911.5376    23911.2   2.0 1 1 14   KH
	        284.43 23851.6725   23851.54   2.0 1 1 1769   KH
	        629.69 23139.3773   23139.51   2.0 1 1 14   KH
	        707.82 22977.9719   22978.36   2.0 1 1 1769   KH
	        919.24 22540.7522   22539.74   2.0 1 0 9   KH
	       1054.19 22261.3812   22260.93   2.0 1 1 11   KH
	       1123.03 22118.7786   22118.65   2.0 1 1 10   KH
	       1140.18 22083.2475   22083.21   2.0 1 1 68   KH
	       1158.38 22045.5317   22045.57   2.0 1 1 412   KH
	       1402.15 21540.0488   21540.08   2.0 1 1 1769   KH
	       1499.20 21338.6266    21338.7   2.0 1 1 832   KH
	       1642.29 21041.4747   21041.57   2.0 1 1 153   KH
	       1666.23 20991.7383   20991.83   2.0 1 1 12   KH
	       1750.49 20816.6477   20816.71   2.0 1 1 10   KH
	       1787.70 20739.2941 20739.3008   2.0 1 1 12   KH
	       1829.26 20652.8953 20652.8008   2.0 1 1 42   KH
	       1844.20 20621.8361    20621.9   2.0 1 1 412   KH
	       1988.02  20322.706    20322.6   2.0 1 1 54   KH
	function chebyshev
	order 4
	sample *
	naverage 1
	niterate 10
	low_reject 3.
	high_reject 3.
	grow 0.
	coefficients	8
		1.
		4.
		202.8920135498047
		1988.023681640625
		22173.53569126373
		-1848.592393473232
		-2.361615686758506
		0.1243209217259043

# Mon 11:05:46 05-Jun-2017
begin	identify wrgnN20100401S0137[SCI,22][*,5]
	id	wrgnN20100401S0137[SCI,22]
	task	identify
	image	wrgnN20100401S0137[SCI,22][*,5]
	units	Angstroms
	features	18
	        202.70 24019.8114   24019.77   2.0 1 1 17   KH
	        225.48 23972.9068   23973.05   2.0 1 1 17   KH
	        284.31 23851.7447   23851.54   2.0 1 1 14   KH
	        629.59 23139.5048   23139.51   2.0 1 1 1769   KH
	        707.81  22977.889   22978.36   2.0 1 1 14   KH
	        919.49 22540.1051   22539.74   2.0 1 1 1769   KH
	       1122.95 22118.7631   22118.65   2.0 1 1 9   KH
	       1140.09 22083.2454   22083.21   2.0 1 1 11   KH
	       1158.24  22045.636   22045.57   2.0 1 1 10   KH
	       1402.08 21539.9479   21540.08   2.0 1 1 68   KH
	       1499.10 21338.5644    21338.7   2.0 1 1 412   KH
	       1642.02 21041.7467   21041.57   2.0 1 1 1769   KH
	       1666.13 20991.6599   20991.83   2.0 1 1 832   KH
	       1750.29   20816.79   20816.71   2.0 1 1 153   KH
	       1787.58 20739.2916 20739.3008   2.0 1 1 12   KH
	       1829.18 20652.8142 20652.8008   2.0 1 1 10   KH
	       1844.10 20621.7969    20621.9   2.0 1 1 12   KH
	       1987.94 20322.6737    20322.6   2.0 1 1 42   KH
	function chebyshev
	order 4
	sample *
	naverage 1
	niterate 10
	low_reject 3.
	high_reject 3.
	grow 0.
	coefficients	8
		1.
		4.
		202.6989440917969
		1987.943725585937
		22173.62709527608
		-1848.756191014382
		-2.384555480041449
		0.1873636634693787

# Mon 11:05:46 05-Jun-2017
begin	identify wrgnN20100401S0137[SCI,22][*,45]
	id	wrgnN20100401S0137[SCI,22]
	task	identify
	image	wrgnN20100401S0137[SCI,22][*,45]
	units	Angstroms
	features	20
	        203.04 24019.7837   24019.77   2.0 1 1 17   KH
	        226.00 23972.5005   23973.05   2.0 1 1 17   KH
	        255.25 23912.2377    23911.2   2.0 1 1 14   KH
	        284.90 23851.1406   23851.54   2.0 1 1 1769   KH
	        630.04 23139.1919   23139.51   2.0 1 1 14   KH
	        708.04  22978.096   22978.36   2.0 1 1 1769   KH
	        919.64 22540.6543   22539.74   2.0 1 1 9   KH
	       1054.85 22260.8481   22260.93   2.0 1 1 11   KH
	       1123.49  22118.716   22118.65   2.0 1 1 10   KH
	       1140.72 22083.0154   22083.21   2.0 1 1 68   KH
	       1158.88 22045.4082   22045.57   2.0 1 1 412   KH
	       1402.68 21539.9906   21540.08   2.0 1 1 1769   KH
	       1499.72 21338.6018    21338.7   2.0 1 1 832   KH
	       1642.73 21041.6219   21041.57   2.0 1 1 153   KH
	       1666.76 20991.7095   20991.83   2.0 1 1 12   KH
	       1750.91 20816.7984   20816.71   2.0 1 1 10   KH
	       1788.05 20739.5962 20739.3008   2.0 1 1 12   KH
	       1829.77  20652.825 20652.8008   2.0 1 1 42   KH
	       1844.73 20621.7214    20621.9   2.0 1 1 412   KH
	       1988.49 20322.5643    20322.6   2.0 1 1 54   KH
	function chebyshev
	order 4
	sample *
	naverage 1
	niterate 10
	low_reject 3.
	high_reject 3.
	grow 0.
	coefficients	8
		1.
		4.
		203.0432739257812
		1988.493408203125
		22173.64561755846
		-1848.619383150372
		-2.471602839224688
		0.009665058442562566

# Mon 11:05:46 05-Jun-2017
begin	identify wrgnN20100401S0137[SCI,22][*,55]
	id	wrgnN20100401S0137[SCI,22]
	task	identify
	image	wrgnN20100401S0137[SCI,22][*,55]
	units	Angstroms
	features	19
	        203.21 24019.8043   24019.77   2.0 1 1 17   KH
	        226.07  23972.784   23973.05   2.0 1 1 17   KH
	        255.88 23911.4387    23911.2   2.0 1 1 14   KH
	        284.97 23851.5701   23851.54   2.0 1 1 1769   KH
	        630.11 23139.9423   23139.51   2.0 1 1 14   KH
	        708.65 22977.7066   22978.36   2.0 1 1 1769   KH
	       1055.26 22260.5787   22260.93   2.0 1 1 9   KH
	       1123.53  22119.119   22118.65   2.0 1 1 11   KH
	       1140.79 22083.3457   22083.21   2.0 1 1 10   KH
	       1158.95 22045.7251   22045.57   2.0 1 1 68   KH
	       1402.76 21540.0091   21540.08   2.0 1 1 412   KH
	       1499.79 21338.5725    21338.7   2.0 1 1 1769   KH
	       1642.76 21041.6195   21041.57   2.0 1 1 832   KH
	       1666.83 20991.6201   20991.83   2.0 1 1 153   KH
	       1750.97  20816.756   20816.71   2.0 1 1 12   KH
	       1788.13 20739.5168 20739.3008   2.0 1 1 10   KH
	       1829.86 20652.7872 20652.8008   2.0 1 1 12   KH
	       1844.81 20621.7081    20621.9   2.0 1 1 42   KH
	       1988.61 20322.6778    20322.6   2.0 1 1 412   KH
	function chebyshev
	order 4
	sample *
	naverage 1
	niterate 10
	low_reject 3.
	high_reject 3.
	grow 0.
	coefficients	8
		1.
		4.
		203.2079162597656
		1988.611083984375
		22173.80059687191
		-1848.837320769913
		-2.559565986232923
		0.2740538124336992

# Mon 11:05:46 05-Jun-2017
begin	identify wrgnN20100401S0137[SCI,22][*,65]
	id	wrgnN20100401S0137[SCI,22]
	task	identify
	image	wrgnN20100401S0137[SCI,22][*,65]
	units	Angstroms
	features	19
	        203.22 24020.0327   24019.77   2.0 1 1 17   KH
	        226.14 23972.8142   23973.05   2.0 1 1 17   KH
	        255.17 23913.0214    23911.2   2.0 1 0 14   KH
	        285.05 23851.4644   23851.54   2.0 1 1 1769   KH
	        630.21 23139.4314   23139.51   2.0 1 1 14   KH
	        708.10 22978.5406   22978.36   2.0 1 1 1769   KH
	       1054.53 22261.9336   22260.93   2.0 1 0 9   KH
	       1123.62 22118.8582   22118.65   2.0 1 1 11   KH
	       1140.89 22083.0739   22083.21   2.0 1 1 10   KH
	       1159.01 22045.5313   22045.57   2.0 1 1 68   KH
	       1402.86 21539.9335   21540.08   2.0 1 1 412   KH
	       1499.88 21338.5868    21338.7   2.0 1 1 1769   KH
	       1642.92 21041.5476   21041.57   2.0 1 1 832   KH
	       1666.91 20991.7047   20991.83   2.0 1 1 153   KH
	       1750.99 20816.9779   20816.71   2.0 1 1 12   KH
	       1788.20 20739.6269 20739.3008   2.0 1 1 10   KH
	       1829.95 20652.8321 20652.8008   2.0 1 1 12   KH
	       1844.91 20621.7165    20621.9   2.0 1 1 42   KH
	       1988.76 20322.4791    20322.6   2.0 1 1 412   KH
	function chebyshev
	order 4
	sample *
	naverage 1
	niterate 10
	low_reject 3.
	high_reject 3.
	grow 0.
	coefficients	8
		1.
		4.
		203.2163696289063
		1988.760986328125
		22173.67041135521
		-1848.856208394646
		-2.414551349091449
		0.07941359037677458

