# Mon 11:05:43 05-Jun-2017
begin	identify wrgnN20100401S0137[SCI,10][*,35]
	id	wrgnN20100401S0137[SCI,10]
	task	identify
	image	wrgnN20100401S0137[SCI,10][*,35]
	units	Angstrom
	features	21
	        230.21 24019.9127   24019.77   2.0 1 1 17   KH
	        253.07 23972.8137   23973.05   2.0 1 1 
	        282.91 23911.3237    23911.2   2.0 1 1 14   KH
	        311.93 23851.5051   23851.54   2.0 1 1 766   KH
	        343.40 23786.6337   23787.79   2.0 1 0 10   KH
	        657.06 23139.3418   23139.51   2.0 1 1 10   KH
	        734.86 22978.5923   22978.36   2.0 1 1 10   KH
	        947.48 22538.8692   22539.74   2.0 1 0 9   KH
	       1081.79 22260.8311   22260.93   2.0 1 1 1769   KH
	       1150.34 22118.8227   22118.65   2.0 1 1 9   KH
	       1167.57 22083.1323   22083.21   2.0 1 1 54   KH
	       1185.72 22045.5076   22045.57   2.0 1 1 9   KH
	       1363.98 21675.9103   21675.89   2.0 1 1 1321   KH
	       1429.45 21540.0583   21540.08   2.0 1 1 259   KH
	       1526.48 21338.6496    21338.7   2.0 1 1 9   KH
	       1693.44 20991.8009   20991.83   2.0 1 1 832   KH
	       1777.62 20816.7786   20816.71   2.0 1 1 153   KH
	       1814.79 20739.4843 20739.3008   2.0 1 1 1321   KH
	       1856.45 20652.8262 20652.8008   2.0 1 1 153   KH
	       1871.40 20621.7248    20621.9   2.0 1 1 1763   KH
	       2015.13 20322.5855    20322.6   2.0 1 1 832   KH
	function chebyshev
	order 4
	sample *
	naverage 1
	niterate 10
	low_reject 3.
	high_reject 3.
	grow 0.
	coefficients	8
		1.
		4.
		230.2109222412109
		2015.126953125
		22173.69953852257
		-1848.69146900023
		-2.450432186405043
		0.02790631819031158

# Mon 11:05:43 05-Jun-2017
begin	identify wrgnN20100401S0137[SCI,10][*,25]
	id	wrgnN20100401S0137[SCI,10]
	task	identify
	image	wrgnN20100401S0137[SCI,10][*,25]
	units	Angstroms
	features	20
	        230.85 24019.4303   24019.77   2.0 1 1 17   KH
	        253.31 23973.1214   23973.05   2.0 1 1 
	        283.20 23911.4605    23911.2   2.0 1 1 14   KH
	        312.16 23851.7159   23851.54   2.0 1 1 766   KH
	        657.26 23139.2047   23139.51   2.0 1 1 10   KH
	        735.22  22978.087   22978.36   2.0 1 1 10   KH
	        946.90 22540.3221   22539.74   2.0 1 1 10   KH
	       1081.77 22261.1673   22260.93   2.0 1 1 9   KH
	       1150.59 22118.6399   22118.65   2.0 1 1 1769   KH
	       1167.84 22082.9066   22083.21   2.0 1 1 9   KH
	       1185.95  22045.379   22045.57   2.0 1 1 54   KH
	       1364.01 21676.2745   21675.89   2.0 1 1 9   KH
	       1429.75 21539.9057   21540.08   2.0 1 1 1321   KH
	       1526.77 21338.5467    21338.7   2.0 1 1 259   KH
	       1693.74 20991.7039   20991.83   2.0 1 1 9   KH
	       1777.87 20816.8009   20816.71   2.0 1 1 832   KH
	       1815.02 20739.5411 20739.3008   2.0 1 1 153   KH
	       1856.73 20652.7802 20652.8008   2.0 1 1 1321   KH
	       1871.65 20621.7273    20621.9   2.0 1 1 153   KH
	       2015.32 20322.6266    20322.6   2.0 1 1 1763   KH
	function chebyshev
	order 4
	sample *
	naverage 1
	niterate 10
	low_reject 3.
	high_reject 3.
	grow 0.
	coefficients	8
		1.
		4.
		230.8534088134766
		2015.31689453125
		22173.31689222082
		-1848.281681349158
		-2.288452436342222
		-0.1201659568950288

# Mon 11:05:43 05-Jun-2017
begin	identify wrgnN20100401S0137[SCI,10][*,15]
	id	wrgnN20100401S0137[SCI,10]
	task	identify
	image	wrgnN20100401S0137[SCI,10][*,15]
	units	Angstroms
	features	20
	        230.85 24019.6348   24019.77   2.0 1 1 17   KH
	        253.51 23972.9239   23973.05   2.0 1 1 
	        283.31 23911.4937    23911.2   2.0 1 1 14   KH
	        312.33 23851.6493   23851.54   2.0 1 1 766   KH
	        657.48 23139.1957   23139.51   2.0 1 1 10   KH
	        735.35 22978.2503   22978.36   2.0 1 1 10   KH
	        947.23 22540.0266   22539.74   2.0 1 1 10   KH
	       1081.87 22261.2642   22260.93   2.0 1 1 9   KH
	       1150.80  22118.484   22118.65   2.0 1 1 1769   KH
	       1167.95 22082.9504   22083.21   2.0 1 1 9   KH
	       1186.05 22045.4432   22045.57   2.0 1 1 54   KH
	       1363.93 21676.6447   21675.89   2.0 1 1 9   KH
	       1429.88 21539.8295   21540.08   2.0 1 1 1321   KH
	       1526.90 21338.4596    21338.7   2.0 1 1 259   KH
	       1693.87 20991.6468   20991.83   2.0 1 1 9   KH
	       1778.06 20816.6657   20816.71   2.0 1 1 832   KH
	       1815.15 20739.5499 20739.3008   2.0 1 1 153   KH
	       1856.86 20652.8116 20652.8008   2.0 1 1 1321   KH
	       1871.80 20621.7366    20621.9   2.0 1 1 153   KH
	       2015.52  20322.681    20322.6   2.0 1 1 1763   KH
	function chebyshev
	order 4
	sample *
	naverage 1
	niterate 10
	low_reject 3.
	high_reject 3.
	grow 0.
	coefficients	8
		1.
		4.
		230.8540344238281
		2015.524780273437
		22173.42264978874
		-1848.488952979375
		-2.264753581281561
		0.01201946847916991

# Mon 11:05:43 05-Jun-2017
begin	identify wrgnN20100401S0137[SCI,10][*,5]
	id	wrgnN20100401S0137[SCI,10]
	task	identify
	image	wrgnN20100401S0137[SCI,10][*,5]
	units	Angstroms
	features	19
	        253.75 23973.0049   23973.05   2.0 1 1 17   KH
	        282.51  23913.716    23911.2   2.0 1 0 
	        312.59 23851.7058   23851.54   2.0 1 1 14   KH
	        657.72 23139.3041   23139.51   2.0 1 1 766   KH
	        735.69  22978.122   22978.36   2.0 1 1 10   KH
	        947.50 22539.8988   22539.74   2.0 1 1 10   KH
	       1081.95 22261.4577   22260.93   2.0 1 1 10   KH
	       1150.93 22118.5315   22118.65   2.0 1 1 9   KH
	       1168.07 22082.9982   22083.21   2.0 1 1 1769   KH
	       1186.19 22045.4306   22045.57   2.0 1 1 9   KH
	       1364.02 21676.6501   21675.89   2.0 1 1 54   KH
	       1429.99 21539.7566   21540.08   2.0 1 1 9   KH
	       1526.99 21338.4064    21338.7   2.0 1 1 1321   KH
	       1693.99 20991.5646   20991.83   2.0 1 1 259   KH
	       1778.07 20816.8379   20816.71   2.0 1 1 9   KH
	       1815.32 20739.4327 20739.3008   2.0 1 1 832   KH
	       1856.98  20652.822 20652.8008   2.0 1 1 153   KH
	       1871.92 20621.7578    20621.9   2.0 1 1 1321   KH
	       2015.74 20322.6901    20322.6   2.0 1 1 153   KH
	function chebyshev
	order 4
	sample *
	naverage 1
	niterate 10
	low_reject 3.
	high_reject 3.
	grow 0.
	coefficients	8
		1.
		4.
		253.7467651367188
		2015.741943359375
		22149.95697152982
		-1825.302059533038
		-2.109518830314081
		0.1446599324967446

# Mon 11:05:43 05-Jun-2017
begin	identify wrgnN20100401S0137[SCI,10][*,45]
	id	wrgnN20100401S0137[SCI,10]
	task	identify
	image	wrgnN20100401S0137[SCI,10][*,45]
	units	Angstroms
	features	21
	        230.02  24020.142   24019.77   2.0 1 1 17   KH
	        252.89 23973.0087   23973.05   2.0 1 1 
	        282.32 23912.3451    23911.2   2.0 1 0 14   KH
	        311.78  23851.622   23851.54   2.0 1 1 766   KH
	        342.99 23787.2736   23787.79   2.0 1 1 10   KH
	        656.88 23139.3173   23139.51   2.0 1 1 10   KH
	        734.72 22978.4571   22978.36   2.0 1 1 10   KH
	        946.71  22539.944   22539.74   2.0 1 1 9   KH
	       1081.31  22261.237   22260.93   2.0 1 1 1769   KH
	       1150.09 22118.7462   22118.65   2.0 1 1 9   KH
	       1167.23 22083.2347   22083.21   2.0 1 1 54   KH
	       1185.49  22045.387   22045.57   2.0 1 1 9   KH
	       1363.77 21675.7156   21675.89   2.0 1 1 1321   KH
	       1429.17 21540.0002   21540.08   2.0 1 1 259   KH
	       1526.18 21338.6317    21338.7   2.0 1 1 9   KH
	       1693.18 20991.7631   20991.83   2.0 1 1 832   KH
	       1777.38 20816.7414   20816.71   2.0 1 1 153   KH
	       1814.62  20739.327 20739.3008   2.0 1 1 1321   KH
	       1856.14 20652.9907 20652.8008   2.0 1 1 153   KH
	       1871.14 20621.7991    20621.9   2.0 1 1 1763   KH
	       2014.96 20322.5933    20322.6   2.0 1 1 832   KH
	function chebyshev
	order 4
	sample *
	naverage 1
	niterate 10
	low_reject 3.
	high_reject 3.
	grow 0.
	coefficients	8
		1.
		4.
		230.0209655761719
		2014.957763671875
		22173.65059713184
		-1848.847868177936
		-2.282949058239694
		0.07354954429529686

# Mon 11:05:43 05-Jun-2017
begin	identify wrgnN20100401S0137[SCI,10][*,55]
	id	wrgnN20100401S0137[SCI,10]
	task	identify
	image	wrgnN20100401S0137[SCI,10][*,55]
	units	Angstroms
	features	19
	        252.67 23973.0402   23973.05   2.0 1 1 17   KH
	        282.15  23912.271    23911.2   2.0 1 0 
	        311.48 23851.8088   23851.54   2.0 1 1 14   KH
	        342.64 23787.5627   23787.79   2.0 1 1 766   KH
	        656.65 23139.4082   23139.51   2.0 1 1 10   KH
	        734.66 22978.1914   22978.36   2.0 1 1 10   KH
	        946.50 22540.0283   22539.74   2.0 1 1 10   KH
	       1081.28 22260.9607   22260.93   2.0 1 1 9   KH
	       1149.94 22118.7263   22118.65   2.0 1 1 1769   KH
	       1167.08 22083.2181   22083.21   2.0 1 1 9   KH
	       1185.21 22045.6498   22045.57   2.0 1 1 54   KH
	       1363.66 21675.6361   21675.89   2.0 1 1 9   KH
	       1429.01 21540.0348   21540.08   2.0 1 1 1321   KH
	       1526.00 21338.6975    21338.7   2.0 1 1 259   KH
	       1693.02 20991.7876   20991.83   2.0 1 1 9   KH
	       1814.45 20739.3595 20739.3008   2.0 1 1 832   KH
	       1856.02 20652.9178 20652.8008   2.0 1 1 153   KH
	       1870.95 20621.8583    20621.9   2.0 1 1 1321   KH
	       2014.80 20322.5653    20322.6   2.0 1 1 153   KH
	function chebyshev
	order 4
	sample *
	naverage 1
	niterate 10
	low_reject 3.
	high_reject 3.
	grow 0.
	coefficients	8
		1.
		4.
		252.6699523925781
		2014.800903320312
		22150.05409932824
		-1825.293903367742
		-2.251329907474333
		0.056443953200574

# Mon 11:05:43 05-Jun-2017
begin	identify wrgnN20100401S0137[SCI,10][*,65]
	id	wrgnN20100401S0137[SCI,10]
	task	identify
	image	wrgnN20100401S0137[SCI,10][*,65]
	units	Angstroms
	features	18
	        252.36 23972.9623   23973.05   2.0 1 1 17   KH
	        311.21 23851.7474   23851.54   2.0 1 1 
	        342.28 23787.7247   23787.79   2.0 1 1 14   KH
	        656.36 23139.6605   23139.51   2.0 1 1 766   KH
	        734.62 22977.9354   22978.36   2.0 1 1 10   KH
	        946.41 22539.8788   22539.74   2.0 1 1 10   KH
	       1081.02 22261.1515   22260.93   2.0 1 1 10   KH
	       1149.88 22118.4803   22118.65   2.0 1 1 9   KH
	       1166.95 22083.1095   22083.21   2.0 1 1 1769   KH
	       1185.06 22045.5856   22045.57   2.0 1 1 9   KH
	       1363.07 21676.4396   21675.89   2.0 1 1 54   KH
	       1428.88 21539.8853   21540.08   2.0 1 1 9   KH
	       1525.88 21338.5136    21338.7   2.0 1 1 1321   KH
	       1692.88 20991.6369   20991.83   2.0 1 1 259   KH
	       1814.17 20739.5567 20739.3008   2.0 1 1 9   KH
	       1855.91 20652.7691 20652.8008   2.0 1 1 832   KH
	       1870.84 20621.7355    20621.9   2.0 1 1 153   KH
	       2014.63 20322.6789    20322.6   2.0 1 1 1321   KH
	function chebyshev
	order 4
	sample *
	naverage 1
	niterate 10
	low_reject 3.
	high_reject 3.
	grow 0.
	coefficients	8
		1.
		4.
		252.3615112304687
		2014.62744140625
		22150.13040490301
		-1825.305286426573
		-2.309815997380296
		0.1635591692007249

