# Mon 11:05:46 05-Jun-2017
begin	identify wrgnN20100401S0137[SCI,23][*,35]
	id	wrgnN20100401S0137[SCI,23]
	task	identify
	image	wrgnN20100401S0137[SCI,23][*,35]
	units	Angstrom
	features	26
	        199.70 24019.7153   24019.77   2.0 1 1 17   KH
	        222.37 23973.0123   23973.05   2.0 1 1 766   KH
	        251.94 23912.0806    23911.2   2.0 1 0 14   KH
	        281.25 23851.6762   23851.54   2.0 1 1 14   KH
	        312.49 23787.2936   23787.79   2.0 1 0 10   KH
	        626.46 23139.4062 23139.5098   2.0 1 1 14   KH
	        704.38 22978.4334   22978.36   2.0 1 1 10   KH
	        916.58 22539.6423   22539.74   2.0 1 1 14   KH
	       1051.18  22261.018   22260.93   2.0 1 1 10   KH
	       1073.61 22214.5822   22215.73   2.0 1 0 10   KH
	       1119.89 22118.7257 22118.6504   2.0 1 1 1769   KH
	       1137.06 22083.1453   22083.21   2.0 1 1 10   KH
	       1155.26 22045.4392   22045.57   2.0 1 1 10   KH
	       1203.66 21945.1322   21947.81   2.0 1 0 19   KH
	       1287.98 21770.3455   21770.25   2.0 1 1 9   KH
	       1333.43 21676.0913   21675.89   2.0 1 1 54   KH
	       1399.02  21540.028   21540.08   2.0 1 1 832   KH
	       1496.08 21338.6051 21338.6992   2.0 1 1 19   KH
	       1545.54 21235.9162   21242.79   2.0 1 0 12   KH
	       1639.13 21041.5354   21041.57   2.0 1 1 9   KH
	       1663.11 20991.7223   20991.83   2.0 1 1 1763   KH
	       1747.31 20816.7504 20816.7109   2.0 1 1 832   KH
	       1784.51  20739.412 20739.3008   2.0 1 1 10   KH
	       1826.15 20652.8538 20652.8008   2.0 1 1 12   KH
	       1841.08 20621.7924    20621.9   2.0 1 1 42   KH
	       1984.90 20322.6116    20322.6   2.0 1 1 1763   KH
	function chebyshev
	order 4
	sample *
	naverage 1
	niterate 10
	low_reject 3.
	high_reject 3.
	grow 0.
	coefficients	8
		1.
		4.
		199.6985626220703
		1984.904174804688
		22173.51291914155
		-1848.611387004885
		-2.349469043552678
		0.05958564463516927

# Mon 11:05:46 05-Jun-2017
begin	identify wrgnN20100401S0137[SCI,23][*,25]
	id	wrgnN20100401S0137[SCI,23]
	task	identify
	image	wrgnN20100401S0137[SCI,23][*,25]
	units	Angstroms
	features	23
	        199.62 24019.8107   24019.77   2.0 1 1 17   KH
	        222.18 23973.3338   23973.05   2.0 1 1 766   KH
	        281.09 23851.8872   23851.54   2.0 1 1 14   KH
	        312.59 23786.9259   23787.79   2.0 1 1 14   KH
	        626.28 23139.4651 23139.5098   2.0 1 1 10   KH
	        704.13 22978.6056   22978.36   2.0 1 1 14   KH
	        916.10 22540.2557   22539.74   2.0 1 1 10   KH
	       1051.15 22260.6969   22260.93   2.0 1 1 14   KH
	       1073.04  22215.376   22215.73   2.0 1 1 10   KH
	       1119.78 22118.5646 22118.6504   2.0 1 1 10   KH
	       1136.96 22082.9703   22083.21   2.0 1 1 1769   KH
	       1155.07 22045.4536   22045.57   2.0 1 1 10   KH
	       1287.42 21771.1511   21770.25   2.0 1 1 10   KH
	       1398.95 21539.8436   21540.08   2.0 1 1 19   KH
	       1495.98  21338.504 21338.6992   2.0 1 1 9   KH
	       1545.98 21234.6991   21242.79   2.0 1 0 54   KH
	       1639.02 21041.4942   21041.57   2.0 1 1 832   KH
	       1663.01 20991.6746   20991.83   2.0 1 1 19   KH
	       1747.12 20816.8953 20816.7109   2.0 1 1 12   KH
	       1784.37 20739.4772 20739.3008   2.0 1 1 9   KH
	       1826.03 20652.8665 20652.8008   2.0 1 1 1763   KH
	       1840.98 20621.7759    20621.9   2.0 1 1 832   KH
	       1984.83 20322.5641    20322.6   2.0 1 1 10   KH
	function chebyshev
	order 4
	sample *
	naverage 1
	niterate 10
	low_reject 3.
	high_reject 3.
	grow 0.
	coefficients	8
		1.
		4.
		199.6243438720703
		1984.8349609375
		22173.40944948798
		-1848.649014594611
		-2.222079773019988
		0.02571560563542582

# Mon 11:05:46 05-Jun-2017
begin	identify wrgnN20100401S0137[SCI,23][*,15]
	id	wrgnN20100401S0137[SCI,23]
	task	identify
	image	wrgnN20100401S0137[SCI,23][*,15]
	units	Angstroms
	features	22
	        199.16  24019.937   24019.77   2.0 1 1 17   KH
	        222.01 23972.8837   23973.05   2.0 1 1 766   KH
	        280.92 23851.5058   23851.54   2.0 1 1 14   KH
	        311.77 23787.9266   23787.79   2.0 1 1 14   KH
	        626.07 23139.4746 23139.5098   2.0 1 1 10   KH
	        704.27  22977.925   22978.36   2.0 1 1 14   KH
	       1050.83 22261.0377   22260.93   2.0 1 1 10   KH
	       1072.40 22216.3717   22215.73   2.0 1 1 14   KH
	       1119.47 22118.8907 22118.6504   2.0 1 1 10   KH
	       1136.77  22083.037   22083.21   2.0 1 1 10   KH
	       1154.92 22045.4463   22045.57   2.0 1 1 1769   KH
	       1286.58 21772.5606   21770.25   2.0 1 0 10   KH
	       1398.75 21539.9124   21540.08   2.0 1 1 10   KH
	       1495.81 21338.4907 21338.6992   2.0 1 1 19   KH
	       1544.88 21236.6218   21242.79   2.0 1 0 9   KH
	       1638.83 21041.5043   21041.57   2.0 1 1 54   KH
	       1662.83 20991.6425   20991.83   2.0 1 1 832   KH
	       1746.97 20816.8127 20816.7109   2.0 1 1 19   KH
	       1784.12 20739.6032 20739.3008   2.0 1 1 12   KH
	       1825.86 20652.8277 20652.8008   2.0 1 1 9   KH
	       1840.80 20621.7535    20621.9   2.0 1 1 1763   KH
	       1984.62 20322.6188    20322.6   2.0 1 1 832   KH
	function chebyshev
	order 4
	sample *
	naverage 1
	niterate 10
	low_reject 3.
	high_reject 3.
	grow 0.
	coefficients	8
		1.
		4.
		199.1601104736328
		1984.623779296875
		22173.64125694758
		-1848.744379347505
		-2.363360931443851
		0.085263988975105

# Mon 11:05:46 05-Jun-2017
begin	identify wrgnN20100401S0137[SCI,23][*,5]
	id	wrgnN20100401S0137[SCI,23]
	task	identify
	image	wrgnN20100401S0137[SCI,23][*,5]
	units	Angstroms
	features	20
	        198.97 24020.1949   24019.77   2.0 1 1 17   KH
	        221.91 23972.9552   23973.05   2.0 1 1 766   KH
	        280.81 23851.5849   23851.54   2.0 1 1 14   KH
	        311.94 23787.4333   23787.79   2.0 1 1 14   KH
	        625.97 23139.4179 23139.5098   2.0 1 1 10   KH
	        704.11 22977.9524   22978.36   2.0 1 1 14   KH
	       1050.30 22261.7281   22260.93   2.0 1 1 10   KH
	       1119.27 22118.8769 22118.6504   2.0 1 1 14   KH
	       1136.58 22083.0111   22083.21   2.0 1 1 10   KH
	       1154.78  22045.296   22045.57   2.0 1 1 10   KH
	       1287.19 21770.8299   21770.25   2.0 1 1 1769   KH
	       1398.53 21539.8915   21540.08   2.0 1 1 10   KH
	       1495.60 21338.4369 21338.6992   2.0 1 1 10   KH
	       1638.63 21041.4427   21041.57   2.0 1 1 19   KH
	       1662.65 20991.5434   20991.83   2.0 1 1 9   KH
	       1746.83 20816.6467 20816.7109   2.0 1 1 54   KH
	       1783.94 20739.5214 20739.3008   2.0 1 1 832   KH
	       1825.68 20652.7649 20652.8008   2.0 1 1 19   KH
	       1840.60 20621.7389    20621.9   2.0 1 1 12   KH
	       1984.33 20322.8547    20322.6   2.0 1 1 9   KH
	function chebyshev
	order 4
	sample *
	naverage 1
	niterate 10
	low_reject 3.
	high_reject 3.
	grow 0.
	coefficients	8
		1.
		4.
		198.97412109375
		1984.333984375
		22173.80109218159
		-1848.78709385815
		-2.276270129515877
		0.1170149881271226

# Mon 11:05:46 05-Jun-2017
begin	identify wrgnN20100401S0137[SCI,23][*,45]
	id	wrgnN20100401S0137[SCI,23]
	task	identify
	image	wrgnN20100401S0137[SCI,23][*,45]
	units	Angstroms
	features	22
	        199.42 24019.9314   24019.77   2.0 1 1 17   KH
	        222.39 23972.6437   23973.05   2.0 1 1 766   KH
	        252.04    23911.6    23911.2   2.0 1 1 14   KH
	        281.26 23851.4335   23851.54   2.0 1 1 14   KH
	        312.16 23787.7805   23787.79   2.0 1 1 10   KH
	        626.48 23139.5027 23139.5098   2.0 1 1 14   KH
	        704.63 22978.0753   22978.36   2.0 1 1 10   KH
	        916.52 22539.9942   22539.74   2.0 1 1 14   KH
	       1119.95 22118.8216 22118.6504   2.0 1 1 10   KH
	       1137.07 22083.3643   22083.21   2.0 1 1 10   KH
	       1155.21 22045.7642   22045.57   2.0 1 1 1769   KH
	       1288.45 21769.5744   21770.25   2.0 1 1 10   KH
	       1332.94 21677.3102   21675.89   2.0 1 0 10   KH
	       1399.07 21540.1191   21540.08   2.0 1 1 19   KH
	       1496.08 21338.7581 21338.6992   2.0 1 1 9   KH
	       1639.20  21041.508   21041.57   2.0 1 1 54   KH
	       1663.13 20991.8023   20991.83   2.0 1 1 832   KH
	       1747.31 20816.8337 20816.7109   2.0 1 1 19   KH
	       1784.59 20739.3337 20739.3008   2.0 1 1 12   KH
	       1826.15 20652.9157 20652.8008   2.0 1 1 9   KH
	       1841.10 20621.8298    20621.9   2.0 1 1 1763   KH
	       1984.96 20322.5457    20322.6   2.0 1 1 832   KH
	function chebyshev
	order 4
	sample *
	naverage 1
	niterate 10
	low_reject 3.
	high_reject 3.
	grow 0.
	coefficients	8
		1.
		4.
		199.415756225586
		1984.963745117187
		22173.78543814667
		-1848.818640551554
		-2.546877705523604
		0.1258233249835543

# Mon 11:05:46 05-Jun-2017
begin	identify wrgnN20100401S0137[SCI,23][*,55]
	id	wrgnN20100401S0137[SCI,23]
	task	identify
	image	wrgnN20100401S0137[SCI,23][*,55]
	units	Angstroms
	features	21
	        199.86 24019.1239   24019.77   2.0 1 1 17   KH
	        222.55 23972.4347   23973.05   2.0 1 1 766   KH
	        251.95 23911.9089    23911.2   2.0 1 1 14   KH
	        281.38  23851.337   23851.54   2.0 1 1 14   KH
	        311.66 23788.9598   23787.79   2.0 1 1 10   KH
	        626.63 23139.3614 23139.5098   2.0 1 1 14   KH
	        704.63 22978.2535   22978.36   2.0 1 1 10   KH
	        916.99  22539.138   22539.74   2.0 1 1 14   KH
	       1120.03 22118.7252 22118.6504   2.0 1 1 10   KH
	       1137.17 22083.2017   22083.21   2.0 1 1 10   KH
	       1155.36 22045.5149   22045.57   2.0 1 1 1769   KH
	       1333.22 21676.7432   21675.89   2.0 1 1 10   KH
	       1399.15 21539.9687   21540.08   2.0 1 1 10   KH
	       1496.19 21338.5446 21338.6992   2.0 1 1 19   KH
	       1639.15 21041.6915   21041.57   2.0 1 1 9   KH
	       1663.23 20991.6688   20991.83   2.0 1 1 54   KH
	       1747.45 20816.6662 20816.7109   2.0 1 1 832   KH
	       1784.71 20739.2394 20739.3008   2.0 1 1 19   KH
	       1826.30 20652.7988 20652.8008   2.0 1 1 12   KH
	       1841.21 20621.7917    20621.9   2.0 1 1 9   KH
	       1985.06 20322.7002    20322.6   2.0 1 1 1763   KH
	function chebyshev
	order 4
	sample *
	naverage 1
	niterate 10
	low_reject 3.
	high_reject 3.
	grow 0.
	coefficients	8
		1.
		4.
		199.860610961914
		1985.059936523438
		22173.37342327842
		-1848.430278363481
		-2.461388432140299
		0.2184353241653659

# Mon 11:05:46 05-Jun-2017
begin	identify wrgnN20100401S0137[SCI,23][*,65]
	id	wrgnN20100401S0137[SCI,23]
	task	identify
	image	wrgnN20100401S0137[SCI,23][*,65]
	units	Angstroms
	features	20
	        200.13 24019.4274   24019.77   2.0 1 1 17   KH
	        222.75 23972.8551   23973.05   2.0 1 1 766   KH
	        252.45  23911.691    23911.2   2.0 1 1 14   KH
	        281.59 23851.6686   23851.54   2.0 1 1 14   KH
	        311.76 23789.5265   23787.79   2.0 1 0 10   KH
	        626.82 23139.5488 23139.5098   2.0 1 1 14   KH
	        704.83  22978.389   22978.36   2.0 1 1 10   KH
	        917.14 22539.3104   22539.74   2.0 1 1 14   KH
	       1120.12 22118.9748 22118.6504   2.0 1 1 10   KH
	       1137.34 22083.2849   22083.21   2.0 1 1 10   KH
	       1155.59 22045.4716   22045.57   2.0 1 1 1769   KH
	       1399.31 21540.0414   21540.08   2.0 1 1 10   KH
	       1496.37 21338.5763 21338.6992   2.0 1 1 10   KH
	       1639.16 21042.0489   21041.57   2.0 1 1 19   KH
	       1663.42  20991.642   20991.83   2.0 1 1 9   KH
	       1747.56 20816.7907 20816.7109   2.0 1 1 54   KH
	       1784.89 20739.2226 20739.3008   2.0 1 1 832   KH
	       1826.50 20652.7204 20652.8008   2.0 1 1 19   KH
	       1841.39 20621.7499    20621.9   2.0 1 1 12   KH
	       1985.21 20322.6781    20322.6   2.0 1 1 9   KH
	function chebyshev
	order 4
	sample *
	naverage 1
	niterate 10
	low_reject 3.
	high_reject 3.
	grow 0.
	coefficients	8
		1.
		4.
		200.1275329589844
		1985.211791992187
		22173.45111558154
		-1848.557335043937
		-2.398356423305156
		0.1826928734774059

