# Mon 11:05:45 05-Jun-2017
begin	identify wrgnN20100401S0137[SCI,16][*,35]
	id	wrgnN20100401S0137[SCI,16]
	task	identify
	image	wrgnN20100401S0137[SCI,16][*,35]
	units	Angstrom
	features	23
	        243.36 23972.9627   23973.05   2.0 1 1 766   KH
	        273.47  23910.884    23911.2   2.0 1 1 14   KH
	        302.23 23851.5874   23851.54   2.0 1 1 1769   KH
	        332.90  23788.329   23787.79   2.0 1 1 10   KH
	        647.38 23139.1609   23139.51   2.0 1 1 412   KH
	        725.24 22978.2652   22978.36   2.0 1 1 412   KH
	        936.98  22540.343   22539.74   2.0 1 1 9   KH
	       1072.05 22260.7522   22260.93   2.0 1 1 11   KH
	       1140.68 22118.5948   22118.65   2.0 1 1 9   KH
	       1157.86 22082.9934   22083.21   2.0 1 1 54   KH
	       1176.02 22045.3835   22045.57   2.0 1 1 259   KH
	       1224.57  21944.765   21947.81   2.0 1 0 19   KH
	       1353.94 21676.5258   21675.89   2.0 1 1 19   KH
	       1419.80 21539.9183   21540.08   2.0 1 1 832   KH
	       1516.82 21338.5475 21338.6992   2.0 1 1 1321   KH
	       1564.53 21239.4988   21242.79   2.0 1 0 12   KH
	       1659.87 21041.4675   21041.57   2.0 1 1 42   KH
	       1683.82 20991.7031   20991.83   2.0 1 1 12   KH
	       1767.98 20816.7981 20816.7109   2.0 1 1 19   KH
	       1805.16 20739.4897 20739.3008   2.0 1 1 12   KH
	       1846.83   20652.85 20652.8008   2.0 1 1 832   KH
	       1861.75 20621.8064    20621.9   2.0 1 1 
	       2005.56 20322.5693    20322.6   2.0 1 1 12   KH
	function chebyshev
	order 4
	sample *
	naverage 1
	niterate 10
	low_reject 3.
	high_reject 3.
	grow 0.
	coefficients	8
		1.
		4.
		243.3643188476563
		2005.56201171875
		22149.9772161155
		-1825.187497787854
		-2.211225929266374
		-0.009205151483041394

# Mon 11:05:45 05-Jun-2017
begin	identify wrgnN20100401S0137[SCI,16][*,25]
	id	wrgnN20100401S0137[SCI,16]
	task	identify
	image	wrgnN20100401S0137[SCI,16][*,25]
	units	Angstroms
	features	22
	        243.43 23972.9191   23973.05   2.0 1 1 766   KH
	        273.34 23911.2643    23911.2   2.0 1 1 14   KH
	        302.26 23851.6332   23851.54   2.0 1 1 1769   KH
	        647.36 23139.3872   23139.51   2.0 1 1 10   KH
	        725.28 22978.3738   22978.36   2.0 1 1 412   KH
	        937.27 22539.9995   22539.74   2.0 1 1 412   KH
	       1072.07 22260.9653   22260.93   2.0 1 1 9   KH
	       1140.80 22118.6078   22118.65   2.0 1 1 11   KH
	       1157.95 22083.0766   22083.21   2.0 1 1 9   KH
	       1176.06 22045.5523   22045.57   2.0 1 1 54   KH
	       1224.96 21944.2274   21947.81   2.0 1 0 259   KH
	       1354.37 21675.9197   21675.89   2.0 1 1 19   KH
	       1419.91 21539.9541   21540.08   2.0 1 1 19   KH
	       1516.92 21338.6019 21338.6992   2.0 1 1 832   KH
	       1563.93 21240.9935   21242.79   2.0 1 0 1321   KH
	       1659.92 21041.6115   21041.57   2.0 1 1 12   KH
	       1683.92 20991.7302   20991.83   2.0 1 1 42   KH
	       1768.04  20816.876 20816.7109   2.0 1 1 12   KH
	       1805.20 20739.6075 20739.3008   2.0 1 1 19   KH
	       1846.92 20652.8435 20652.8008   2.0 1 1 12   KH
	       1861.88 20621.7346    20621.9   2.0 1 1 832   KH
	       2005.67 20322.4837    20322.6   2.0 1 1 
	function chebyshev
	order 4
	sample *
	naverage 1
	niterate 10
	low_reject 3.
	high_reject 3.
	grow 0.
	coefficients	8
		1.
		4.
		243.4309844970703
		2005.666748046875
		22149.98774816434
		-1825.197178468693
		-2.286331363174896
		-0.0205023587886272

# Mon 11:05:45 05-Jun-2017
begin	identify wrgnN20100401S0137[SCI,16][*,15]
	id	wrgnN20100401S0137[SCI,16]
	task	identify
	image	wrgnN20100401S0137[SCI,16][*,15]
	units	Angstroms
	features	22
	        243.46 23972.6412   23973.05   2.0 1 1 766   KH
	        273.06 23911.6695    23911.2   2.0 1 1 14   KH
	        302.28 23851.4728   23851.54   2.0 1 1 1769   KH
	        647.46 23139.2964   23139.51   2.0 1 1 10   KH
	        725.21 22978.6722   22978.36   2.0 1 1 412   KH
	        937.09 22540.5057   22539.74   2.0 1 1 412   KH
	       1072.72 22259.7179   22260.93   2.0 1 1 9   KH
	       1140.86 22118.5549   22118.65   2.0 1 1 11   KH
	       1157.97 22083.1194   22083.21   2.0 1 1 9   KH
	       1176.07 22045.6026   22045.57   2.0 1 1 54   KH
	       1226.55 21940.9803   21947.81   2.0 1 0 259   KH
	       1354.04 21676.6132   21675.89   2.0 1 1 19   KH
	       1419.92 21539.9229   21540.08   2.0 1 1 19   KH
	       1516.93 21338.5602 21338.6992   2.0 1 1 832   KH
	       1564.02 21240.7834   21242.79   2.0 1 0 1321   KH
	       1659.84 21041.7207   21041.57   2.0 1 1 12   KH
	       1683.93 20991.6645   20991.83   2.0 1 1 42   KH
	       1768.10 20816.7352 20816.7109   2.0 1 1 12   KH
	       1805.18 20739.6399 20739.3008   2.0 1 1 19   KH
	       1846.94 20652.8058 20652.8008   2.0 1 1 12   KH
	       1861.89  20621.704    20621.9   2.0 1 1 832   KH
	       2005.69 20322.5228    20322.6   2.0 1 1 
	function chebyshev
	order 4
	sample *
	naverage 1
	niterate 10
	low_reject 3.
	high_reject 3.
	grow 0.
	coefficients	8
		1.
		4.
		243.4634552001954
		2005.687866210938
		22149.94149260917
		-1825.143641463403
		-2.359493258488377
		0.08449044085393648

# Mon 11:05:45 05-Jun-2017
begin	identify wrgnN20100401S0137[SCI,16][*,5]
	id	wrgnN20100401S0137[SCI,16]
	task	identify
	image	wrgnN20100401S0137[SCI,16][*,5]
	units	Angstroms
	features	21
	        243.60  23972.918   23973.05   2.0 1 1 766   KH
	        302.40  23851.707   23851.54   2.0 1 1 14   KH
	        647.59 23139.2872   23139.51   2.0 1 1 1769   KH
	        725.37 22978.5371   22978.36   2.0 1 1 10   KH
	        937.33 22540.1388   22539.74   2.0 1 1 412   KH
	       1072.45 22260.3752   22260.93   2.0 1 1 412   KH
	       1140.84 22118.6977   22118.65   2.0 1 1 9   KH
	       1158.03 22083.0791   22083.21   2.0 1 1 11   KH
	       1176.11 22045.6037   22045.57   2.0 1 1 9   KH
	       1227.89 21938.2772   21947.81   2.0 1 0 54   KH
	       1354.22 21676.3227   21675.89   2.0 1 1 259   KH
	       1419.94 21539.9565   21540.08   2.0 1 1 19   KH
	       1516.97 21338.5552 21338.6992   2.0 1 1 19   KH
	       1564.00 21240.9057   21242.79   2.0 1 0 832   KH
	       1659.94 21041.6168   21041.57   2.0 1 1 1321   KH
	       1683.98 20991.6764   20991.83   2.0 1 1 12   KH
	       1768.08  20816.875 20816.7109   2.0 1 1 42   KH
	       1805.33 20739.4415 20739.3008   2.0 1 1 12   KH
	       1846.98 20652.8397 20652.8008   2.0 1 1 19   KH
	       1861.93 20621.7488    20621.9   2.0 1 1 12   KH
	       2005.74 20322.5655    20322.6   2.0 1 1 832   KH
	function chebyshev
	order 4
	sample *
	naverage 1
	niterate 10
	low_reject 3.
	high_reject 3.
	grow 0.
	coefficients	8
		1.
		4.
		243.5995178222656
		2005.736572265625
		22149.97286702392
		-1825.236525361002
		-2.231158107852409
		0.06027534362030807

# Mon 11:05:45 05-Jun-2017
begin	identify wrgnN20100401S0137[SCI,16][*,45]
	id	wrgnN20100401S0137[SCI,16]
	task	identify
	image	wrgnN20100401S0137[SCI,16][*,45]
	units	Angstroms
	features	23
	        243.21 23972.9594   23973.05   2.0 1 1 766   KH
	        273.14 23911.2867    23911.2   2.0 1 1 14   KH
	        302.11 23851.5593   23851.54   2.0 1 1 1769   KH
	        333.02 23787.8255   23787.79   2.0 1 1 10   KH
	        647.23 23139.3696   23139.51   2.0 1 1 412   KH
	        725.66 22977.3294   22978.36   2.0 1 0 412   KH
	        935.56   22543.28   22539.74   2.0 1 0 9   KH
	       1071.85 22261.1727   22260.93   2.0 1 1 11   KH
	       1140.60 22118.7911   22118.65   2.0 1 1 9   KH
	       1157.86  22083.032   22083.21   2.0 1 1 54   KH
	       1175.98 22045.4874   22045.57   2.0 1 1 259   KH
	       1224.33 21945.2949   21947.81   2.0 1 0 19   KH
	       1354.18 21676.0624   21675.89   2.0 1 1 19   KH
	       1419.79 21539.9578   21540.08   2.0 1 1 832   KH
	       1516.85 21338.5127 21338.6992   2.0 1 1 1321   KH
	       1566.38 21235.6624   21242.79   2.0 1 0 12   KH
	       1659.78   21041.63   21041.57   2.0 1 1 42   KH
	       1683.82 20991.6865   20991.83   2.0 1 1 12   KH
	       1767.94 20816.8149 20816.7109   2.0 1 1 19   KH
	       1805.07 20739.6039 20739.3008   2.0 1 1 12   KH
	       1846.82 20652.7706 20652.8008   2.0 1 1 832   KH
	       1861.75 20621.7185    20621.9   2.0 1 1 
	       2005.47 20322.5909    20322.6   2.0 1 1 12   KH
	function chebyshev
	order 4
	sample *
	naverage 1
	niterate 10
	low_reject 3.
	high_reject 3.
	grow 0.
	coefficients	8
		1.
		4.
		243.2121887207031
		2005.473876953125
		22150.11901280173
		-1825.172755430329
		-2.343873957519091
		-0.01153199254519784

# Mon 11:05:45 05-Jun-2017
begin	identify wrgnN20100401S0137[SCI,16][*,55]
	id	wrgnN20100401S0137[SCI,16]
	task	identify
	image	wrgnN20100401S0137[SCI,16][*,55]
	units	Angstroms
	features	21
	        243.18 23972.7099   23973.05   2.0 1 1 766   KH
	        273.12 23911.0276    23911.2   2.0 1 1 14   KH
	        302.06  23851.388   23851.54   2.0 1 1 1769   KH
	        332.46 23788.7318   23787.79   2.0 1 1 10   KH
	        647.18 23139.2993   23139.51   2.0 1 1 412   KH
	        725.16  22978.182   22978.36   2.0 1 1 412   KH
	        937.28 22539.4934   22539.74   2.0 1 1 9   KH
	       1071.52 22261.5986   22260.93   2.0 1 1 11   KH
	       1140.60 22118.5136   22118.65   2.0 1 1 9   KH
	       1157.82 22082.8343   22083.21   2.0 1 1 54   KH
	       1175.94 22045.2754   22045.57   2.0 1 1 259   KH
	       1353.51 21677.1468   21675.89   2.0 1 1 19   KH
	       1419.74 21539.7488   21540.08   2.0 1 1 19   KH
	       1516.75 21338.4065 21338.6992   2.0 1 1 832   KH
	       1659.66 21041.6226   21041.57   2.0 1 1 1321   KH
	       1683.76  20991.561   20991.83   2.0 1 1 12   KH
	       1767.88 20816.7469 20816.7109   2.0 1 1 42   KH
	       1805.04 20739.5124 20739.3008   2.0 1 1 12   KH
	       1846.82 20652.6557 20652.8008   2.0 1 1 19   KH
	       1861.70 20621.7142    20621.9   2.0 1 1 12   KH
	       2005.42 20322.7629    20322.6   2.0 1 1 832   KH
	function chebyshev
	order 4
	sample *
	naverage 1
	niterate 10
	low_reject 3.
	high_reject 3.
	grow 0.
	coefficients	8
		1.
		4.
		243.177230834961
		2005.423950195313
		22150.00573696543
		-1825.065778692848
		-2.269326795014205
		0.09228320817550493

# Mon 11:05:45 05-Jun-2017
begin	identify wrgnN20100401S0137[SCI,16][*,65]
	id	wrgnN20100401S0137[SCI,16]
	task	identify
	image	wrgnN20100401S0137[SCI,16][*,65]
	units	Angstroms
	features	20
	        243.14 23971.8961   23973.05   2.0 1 1 766   KH
	        271.76  23913.024    23911.2   2.0 1 1 14   KH
	        302.04 23850.7273   23851.54   2.0 1 1 1769   KH
	        332.47 23788.1057   23787.79   2.0 1 1 10   KH
	        647.16 23139.3886   23139.51   2.0 1 1 412   KH
	        725.18 22978.2708   22978.36   2.0 1 1 412   KH
	        937.76 22538.8105   22539.74   2.0 1 1 9   KH
	       1071.52 22261.9327   22260.93   2.0 1 1 11   KH
	       1140.51 22119.0141   22118.65   2.0 1 1 9   KH
	       1157.80 22083.2016   22083.21   2.0 1 1 54   KH
	       1175.93 22045.6168   22045.57   2.0 1 1 259   KH
	       1354.38 21675.5916   21675.89   2.0 1 1 19   KH
	       1419.70 21540.0493   21540.08   2.0 1 1 19   KH
	       1516.73 21338.6214 21338.6992   2.0 1 1 832   KH
	       1683.75 20991.6451   20991.83   2.0 1 1 1321   KH
	       1767.88 20816.7451 20816.7109   2.0 1 1 12   KH
	       1805.02 20739.5357 20739.3008   2.0 1 1 42   KH
	       1846.72 20652.8011 20652.8008   2.0 1 1 12   KH
	       1861.68 20621.6936    20621.9   2.0 1 1 19   KH
	       2005.39 20322.6905    20322.6   2.0 1 1 12   KH
	function chebyshev
	order 4
	sample *
	naverage 1
	niterate 10
	low_reject 3.
	high_reject 3.
	grow 0.
	coefficients	8
		1.
		4.
		243.144790649414
		2005.391723632813
		22149.9810293132
		-1824.804187801594
		-2.687730738365833
		0.2013557742644695

