# Mon 11:05:44 05-Jun-2017
begin	identify wrgnN20100401S0137[SCI,15][*,35]
	id	wrgnN20100401S0137[SCI,15]
	task	identify
	image	wrgnN20100401S0137[SCI,15][*,35]
	units	Angstrom
	features	24
	        222.87 24019.3026 24019.7695   2.0 1 1 
	        245.51 23972.6506   23973.05   2.0 1 1 766   KH
	        274.81 23912.2931    23911.2   2.0 1 1 14   KH
	        304.38 23851.3391   23851.54   2.0 1 1 14   KH
	        335.08 23788.0588   23787.79   2.0 1 1 10   KH
	        649.50 23139.1906 23139.5098   2.0 1 1 14   KH
	        727.46 22978.0907   22978.36   2.0 1 1 10   KH
	        939.45 22539.6403   22539.74   2.0 1 1 1769   KH
	       1074.37  22260.294   22260.93   2.0 1 1 10   KH
	       1095.46  22216.628   22215.73   2.0 1 1 10   KH
	       1142.40 22119.3642   22118.65   2.0 1 1 68   KH
	       1160.01 22082.8736   22083.21   2.0 1 1 
	       1178.14 22045.3041   22045.57   2.0 1 1 259   KH
	       1312.04 21767.7186   21770.25   2.0 1 0 21   KH
	       1355.94 21676.6669   21675.89   2.0 1 1 21   KH
	       1421.95 21539.7182   21540.08   2.0 1 1 12   KH
	       1518.94 21338.4205    21338.7   2.0 1 1 10   KH
	       1661.87 21041.5867 21041.5703   2.0 1 1 68   KH
	       1685.93 20991.5996   20991.83   2.0 1 1 9   KH
	       1770.11 20816.6885   20816.71   2.0 1 1 140   KH
	       1807.30 20739.3721 20739.3008   2.0 1 1 21   KH
	       1848.94 20652.8138    20652.8   2.0 1 1 12   KH
	       1863.87 20621.7723    20621.9   2.0 1 1 10   KH
	       2007.64  20322.762    20322.6   2.0 1 1 50 NOAO
	function chebyshev
	order 4
	sample *
	naverage 1
	niterate 10
	low_reject 3.
	high_reject 3.
	grow 0.
	coefficients	8
		1.
		4.
		222.8660583496094
		2007.63720703125
		22173.32580283907
		-1848.384793049708
		-2.293513863723802
		0.1144642310557848

# Mon 11:05:44 05-Jun-2017
begin	identify wrgnN20100401S0137[SCI,15][*,25]
	id	wrgnN20100401S0137[SCI,15]
	task	identify
	image	wrgnN20100401S0137[SCI,15][*,25]
	units	Angstroms
	features	22
	        222.79  24020.101 24019.7695   2.0 1 1 
	        245.64 23973.0319   23973.05   2.0 1 1 766   KH
	        274.78 23912.9896    23911.2   2.0 1 0 14   KH
	        304.45 23851.8402   23851.54   2.0 1 1 14   KH
	        335.89 23787.0485   23787.79   2.0 1 1 10   KH
	        649.63 23139.4782 23139.5098   2.0 1 1 14   KH
	        727.54 22978.4421   22978.36   2.0 1 1 10   KH
	        939.66 22539.6115   22539.74   2.0 1 1 1769   KH
	       1074.04 22261.3041   22260.93   2.0 1 1 10   KH
	       1094.94 22218.0141   22215.73   2.0 1 0 10   KH
	       1142.92 22118.5913   22118.65   2.0 1 1 68   KH
	       1160.04 22083.0944   22083.21   2.0 1 1 
	       1178.18 22045.4983   22045.57   2.0 1 1 259   KH
	       1356.05 21676.6146   21675.89   2.0 1 1 21   KH
	       1421.99 21539.7952   21540.08   2.0 1 1 21   KH
	       1519.00 21338.4283    21338.7   2.0 1 1 12   KH
	       1686.00 20991.5684   20991.83   2.0 1 1 10   KH
	       1770.15 20816.7235   20816.71   2.0 1 1 68   KH
	       1807.31 20739.4739 20739.3008   2.0 1 1 9   KH
	       1849.01 20652.8058    20652.8   2.0 1 1 140   KH
	       1863.96 20621.7293    20621.9   2.0 1 1 21   KH
	       2007.75 20322.7498    20322.6   2.0 1 1 12   KH
	function chebyshev
	order 4
	sample *
	naverage 1
	niterate 10
	low_reject 3.
	high_reject 3.
	grow 0.
	coefficients	8
		1.
		4.
		222.7884674072265
		2007.746826171875
		22173.65788073934
		-1848.862770894239
		-2.232500922601481
		0.187177528428328

# Mon 11:05:44 05-Jun-2017
begin	identify wrgnN20100401S0137[SCI,15][*,15]
	id	wrgnN20100401S0137[SCI,15]
	task	identify
	image	wrgnN20100401S0137[SCI,15][*,15]
	units	Angstroms
	features	21
	        222.09 24020.6665 24019.7695   2.0 1 1 
	        245.76 23971.9748   23973.05   2.0 1 1 766   KH
	        275.07 23911.6623    23911.2   2.0 1 1 14   KH
	        304.59 23850.8958   23851.54   2.0 1 1 14   KH
	        335.07 23788.1511   23787.79   2.0 1 1 10   KH
	        649.75 23139.2917 23139.5098   2.0 1 1 14   KH
	        727.59 22978.5253   22978.36   2.0 1 1 10   KH
	        940.06 22539.1952   22539.74   2.0 1 1 1769   KH
	       1074.16 22261.5559   22260.93   2.0 1 1 10   KH
	       1143.00 22118.9343   22118.65   2.0 1 1 10   KH
	       1160.10 22083.5097   22083.21   2.0 1 1 68   KH
	       1178.25 22045.8799   22045.57   2.0 1 1 
	       1357.31 21674.5454   21675.89   2.0 1 1 259   KH
	       1422.04 21540.2171   21540.08   2.0 1 1 21   KH
	       1519.05  21338.799    21338.7   2.0 1 1 21   KH
	       1686.06 20991.8118   20991.83   2.0 1 1 12   KH
	       1770.22 20816.8565   20816.71   2.0 1 1 10   KH
	       1807.46 20739.4175 20739.3008   2.0 1 1 68   KH
	       1849.06 20652.9018    20652.8   2.0 1 1 9   KH
	       1864.01 20621.8095    20621.9   2.0 1 1 140   KH
	       2007.85 20322.5289    20322.6   2.0 1 1 21   KH
	function chebyshev
	order 4
	sample *
	naverage 1
	niterate 10
	low_reject 3.
	high_reject 3.
	grow 0.
	coefficients	8
		1.
		4.
		222.0872039794922
		2007.84912109375
		22174.31087159124
		-1849.280773638571
		-2.713169549312477
		0.2119358223115815

# Mon 11:05:44 05-Jun-2017
begin	identify wrgnN20100401S0137[SCI,15][*,5]
	id	wrgnN20100401S0137[SCI,15]
	task	identify
	image	wrgnN20100401S0137[SCI,15][*,5]
	units	Angstroms
	features	21
	        223.04 24019.9084 24019.7695   2.0 1 1 
	        245.81 23972.9979   23973.05   2.0 1 1 766   KH
	        275.07  23912.692    23911.2   2.0 1 0 14   KH
	        304.65 23851.7302   23851.54   2.0 1 1 14   KH
	        335.78 23787.5523   23787.79   2.0 1 1 10   KH
	        649.80 23139.3748 23139.5098   2.0 1 1 14   KH
	        727.82 22978.1351   22978.36   2.0 1 1 10   KH
	        939.68 22539.8505   22539.74   2.0 1 1 1769   KH
	       1074.19 22261.3143   22260.93   2.0 1 1 10   KH
	       1142.97 22118.8128   22118.65   2.0 1 1 10   KH
	       1160.13 22083.2388   22083.21   2.0 1 1 68   KH
	       1178.31 22045.5493   22045.57   2.0 1 1 
	       1356.65 21675.7326   21675.89   2.0 1 1 259   KH
	       1422.07 21539.9805   21540.08   2.0 1 1 21   KH
	       1519.10 21338.5644    21338.7   2.0 1 1 21   KH
	       1686.09 20991.6896   20991.83   2.0 1 1 12   KH
	       1770.25 20816.7815   20816.71   2.0 1 1 10   KH
	       1807.48 20739.3899 20739.3008   2.0 1 1 68   KH
	       1849.10 20652.8657    20652.8   2.0 1 1 9   KH
	       1864.02 20621.8346    20621.9   2.0 1 1 140   KH
	       2007.87 20322.6268    20322.6   2.0 1 1 21   KH
	function chebyshev
	order 4
	sample *
	naverage 1
	niterate 10
	low_reject 3.
	high_reject 3.
	grow 0.
	coefficients	8
		1.
		4.
		223.0386505126953
		2007.874145507812
		22173.54244881959
		-1848.768821542569
		-2.274845549395143
		0.128038429266185

# Mon 11:05:44 05-Jun-2017
begin	identify wrgnN20100401S0137[SCI,15][*,45]
	id	wrgnN20100401S0137[SCI,15]
	task	identify
	image	wrgnN20100401S0137[SCI,15][*,45]
	units	Angstroms
	features	23
	        222.66 24019.5197 24019.7695   2.0 1 1 
	        245.30 23972.8726   23973.05   2.0 1 1 766   KH
	        275.27 23911.0965    23911.2   2.0 1 1 14   KH
	        304.17 23851.5312   23851.54   2.0 1 1 14   KH
	        334.73 23788.5346   23787.79   2.0 1 1 10   KH
	        649.30 23139.3733 23139.5098   2.0 1 1 14   KH
	        727.18 22978.4618   22978.36   2.0 1 1 10   KH
	        939.76 22538.8856   22539.74   2.0 1 1 1769   KH
	       1073.91   22261.21   22260.93   2.0 1 1 10   KH
	       1095.44 22216.6226   22215.73   2.0 1 1 10   KH
	       1142.74 22118.6646   22118.65   2.0 1 1 68   KH
	       1159.92 22083.0608   22083.21   2.0 1 1 
	       1178.01 22045.5746   22045.57   2.0 1 1 259   KH
	       1311.06 21769.7806   21770.25   2.0 1 1 21   KH
	       1421.83 21540.0085   21540.08   2.0 1 1 21   KH
	       1518.85 21338.6417    21338.7   2.0 1 1 12   KH
	       1661.76 21041.7877 21041.5703   2.0 1 1 10   KH
	       1685.85 20991.7352   20991.83   2.0 1 1 68   KH
	       1769.97 20816.8516   20816.71   2.0 1 1 9   KH
	       1807.15 20739.5309 20739.3008   2.0 1 1 140   KH
	       1848.83  20652.842    20652.8   2.0 1 1 21   KH
	       1863.78 20621.7273    20621.9   2.0 1 1 12   KH
	       2007.55  20322.477    20322.6   2.0 1 1 10   KH
	function chebyshev
	order 4
	sample *
	naverage 1
	niterate 10
	low_reject 3.
	high_reject 3.
	grow 0.
	coefficients	8
		1.
		4.
		222.6579742431641
		2007.552978515625
		22173.44804528175
		-1848.512137173824
		-2.449725304249068
		-0.009226140541654615

# Mon 11:05:44 05-Jun-2017
begin	identify wrgnN20100401S0137[SCI,15][*,55]
	id	wrgnN20100401S0137[SCI,15]
	task	identify
	image	wrgnN20100401S0137[SCI,15][*,55]
	units	Angstroms
	features	20
	        222.71 24018.9247 24019.7695   2.0 1 1 
	        245.18 23972.6221   23973.05   2.0 1 1 766   KH
	        274.34 23912.5332    23911.2   2.0 1 1 14   KH
	        304.06 23851.2701   23851.54   2.0 1 1 14   KH
	        334.58 23788.3596   23787.79   2.0 1 1 10   KH
	        649.18 23139.2003 23139.5098   2.0 1 1 14   KH
	        727.19  22978.046   22978.36   2.0 1 1 10   KH
	       1073.55 22261.6205   22260.93   2.0 1 1 1769   KH
	       1142.59 22118.6561   22118.65   2.0 1 1 10   KH
	       1159.81 22082.9791   22083.21   2.0 1 1 10   KH
	       1177.94 22045.4088   22045.57   2.0 1 1 68   KH
	       1421.73  21539.963   21540.08   2.0 1 1 
	       1518.74  21338.619    21338.7   2.0 1 1 259   KH
	       1661.68 21041.7354 21041.5703   2.0 1 1 21   KH
	       1685.74 20991.7262   20991.83   2.0 1 1 21   KH
	       1769.90 20816.7804   20816.71   2.0 1 1 12   KH
	       1807.04 20739.5622 20739.3008   2.0 1 1 10   KH
	       1848.75 20652.7968    20652.8   2.0 1 1 68   KH
	       1863.68 20621.7316    20621.9   2.0 1 1 9   KH
	       2007.43 20322.5355    20322.6   2.0 1 1 140   KH
	function chebyshev
	order 4
	sample *
	naverage 1
	niterate 10
	low_reject 3.
	high_reject 3.
	grow 0.
	coefficients	8
		1.
		4.
		222.7075347900391
		2007.427612304688
		22173.1904512694
		-1848.173752046604
		-2.460396568946132
		-0.02085074449480351

# Mon 11:05:44 05-Jun-2017
begin	identify wrgnN20100401S0137[SCI,15][*,65]
	id	wrgnN20100401S0137[SCI,15]
	task	identify
	image	wrgnN20100401S0137[SCI,15][*,65]
	units	Angstroms
	features	19
	        222.45 24019.4854 24019.7695   2.0 1 1 
	        245.12 23972.7721   23973.05   2.0 1 1 766   KH
	        274.79 23911.6071    23911.2   2.0 1 1 14   KH
	        304.03 23851.3378   23851.54   2.0 1 1 14   KH
	        334.57 23788.3598   23787.79   2.0 1 1 10   KH
	        649.12 23139.2067 23139.5098   2.0 1 1 14   KH
	       1073.72 22261.1738   22260.93   2.0 1 1 10   KH
	       1142.45  22118.856   22118.65   2.0 1 1 1769   KH
	       1159.75 22083.0092   22083.21   2.0 1 1 10   KH
	       1177.90 22045.4174   22045.57   2.0 1 1 10   KH
	       1421.66 21540.0488   21540.08   2.0 1 1 68   KH
	       1518.68 21338.6937    21338.7   2.0 1 1 
	       1661.87 21041.2889 21041.5703   2.0 1 1 259   KH
	       1685.64 20991.8929   20991.83   2.0 1 1 21   KH
	       1769.82 20816.8864   20816.71   2.0 1 1 21   KH
	       1807.00 20739.5686 20739.3008   2.0 1 1 12   KH
	       1848.70 20652.8329    20652.8   2.0 1 1 10   KH
	       1863.62   20621.78    20621.9   2.0 1 1 68   KH
	       2007.40 20322.4927    20322.6   2.0 1 1 9   KH
	function chebyshev
	order 4
	sample *
	naverage 1
	niterate 10
	low_reject 3.
	high_reject 3.
	grow 0.
	coefficients	8
		1.
		4.
		222.4510955810547
		2007.396118164063
		22173.42335208452
		-1848.434115194769
		-2.434277212114729
		-0.0622518891556421

