# Mon 11:05:45 05-Jun-2017
begin	identify wrgnN20100401S0137[SCI,18][*,35]
	id	wrgnN20100401S0137[SCI,18]
	task	identify
	image	wrgnN20100401S0137[SCI,18][*,35]
	units	Angstrom
	features	22
	        215.84 24019.4966   24019.77   2.0 1 1 17   KH
	        238.38 23973.0325   23973.05   2.0 1 1 766   KH
	        268.10 23911.7504    23911.2   2.0 1 1 14   KH
	        297.25 23851.6366   23851.54   2.0 1 1 1769   KH
	        328.36 23787.4585 23787.7891   2.0 1 1 14   KH
	        642.40 23139.1926   23139.51   2.0 1 1 412   KH
	        720.16 22978.4994   22978.36   2.0 1 1 54   KH
	        932.04 22540.3555   22539.74   2.0 1 1 9   KH
	       1067.20 22260.6013 22260.9297   2.0 1 1 14   KH
	       1135.72 22118.7055 22118.6504   2.0 1 1 1769   KH
	       1152.93 22083.0494   22083.21   2.0 1 1 54   KH
	       1171.07 22045.4662   22045.57   2.0 1 1 259   KH
	       1414.87 21540.0092   21540.08   2.0 1 1 
	       1511.91 21338.6289 21338.6992   2.0 1 1 
	       1557.97 21242.9889   21242.79   2.0 1 1 1321   KH
	       1654.93 21041.5834   21041.57   2.0 1 1 9   KH
	       1678.89 20991.8043   20991.83   2.0 1 1 
	       1763.07 20816.8321   20816.71   2.0 1 1 
	       1800.33 20739.3395    20739.3   2.0 1 1 1321   KH
	       1841.92  20652.831    20652.8   2.0 1 1 42   KH
	       1856.86 20621.7544    20621.9   2.0 1 1 832   KH
	       2000.60 20322.5822    20322.6   2.0 1 1 
	function chebyshev
	order 4
	sample *
	naverage 1
	niterate 10
	low_reject 3.
	high_reject 3.
	grow 0.
	coefficients	8
		1.
		4.
		215.8433227539063
		2000.595947265625
		22173.35040443054
		-1848.383676510829
		-2.311004647766901
		-0.07347572721879235

# Mon 11:05:45 05-Jun-2017
begin	identify wrgnN20100401S0137[SCI,18][*,25]
	id	wrgnN20100401S0137[SCI,18]
	task	identify
	image	wrgnN20100401S0137[SCI,18][*,25]
	units	Angstroms
	features	21
	        215.50 24019.7957   24019.77   2.0 1 1 17   KH
	        238.32 23972.7923   23973.05   2.0 1 1 766   KH
	        297.17 23851.5229   23851.54   2.0 1 1 14   KH
	        327.93 23788.1421 23787.7891   2.0 1 1 1769   KH
	        642.32 23139.4116   23139.51   2.0 1 1 14   KH
	        720.31 22978.2887   22978.36   2.0 1 1 412   KH
	        933.09  22538.306   22539.74   2.0 1 0 54   KH
	       1066.99  22261.124 22260.9297   2.0 1 1 9   KH
	       1135.74 22118.7326 22118.6504   2.0 1 1 14   KH
	       1152.98  22083.015   22083.21   2.0 1 1 1769   KH
	       1171.03 22045.6234   22045.57   2.0 1 1 54   KH
	       1414.88 21539.9868   21540.08   2.0 1 1 259   KH
	       1511.90 21338.6037 21338.6992   2.0 1 1 
	       1556.84  21245.305   21242.79   2.0 1 0 
	       1654.93 21041.5444   21041.57   2.0 1 1 1321   KH
	       1678.91 20991.7257   20991.83   2.0 1 1 9   KH
	       1763.01 20816.9144   20816.71   2.0 1 1 
	       1800.19 20739.6023    20739.3   2.0 1 1 
	       1841.92 20652.8332    20652.8   2.0 1 1 1321   KH
	       1856.89 20621.6892    20621.9   2.0 1 1 42   KH
	       2000.66 20322.5204    20322.6   2.0 1 1 832   KH
	function chebyshev
	order 4
	sample *
	naverage 1
	niterate 10
	low_reject 3.
	high_reject 3.
	grow 0.
	coefficients	8
		1.
		4.
		215.5032806396484
		2000.664916992187
		22173.59056672043
		-1848.68226011578
		-2.432528703098541
		0.04464478984704387

# Mon 11:05:45 05-Jun-2017
begin	identify wrgnN20100401S0137[SCI,18][*,15]
	id	wrgnN20100401S0137[SCI,18]
	task	identify
	image	wrgnN20100401S0137[SCI,18][*,15]
	units	Angstroms
	features	18
	        238.35 23972.9609   23973.05   2.0 1 1 17   KH
	        297.20 23851.6934   23851.54   2.0 1 1 766   KH
	        642.34 23139.5501   23139.51   2.0 1 1 14   KH
	        720.49 22978.0547   22978.36   2.0 1 1 1769   KH
	       1066.94 22261.2714 22260.9297   2.0 1 1 14   KH
	       1135.74 22118.7484 22118.6504   2.0 1 1 412   KH
	       1152.93 22083.1363   22083.21   2.0 1 1 54   KH
	       1171.04 22045.6093   22045.57   2.0 1 1 9   KH
	       1414.89 21539.9253   21540.08   2.0 1 1 14   KH
	       1511.92  21338.536 21338.6992   2.0 1 1 1769   KH
	       1555.98  21247.047   21242.79   2.0 1 0 54   KH
	       1654.87 21041.6277   21041.57   2.0 1 1 259   KH
	       1678.91  20991.669   20991.83   2.0 1 1 
	       1763.04 20816.8198   20816.71   2.0 1 1 
	       1800.19 20739.5859    20739.3   2.0 1 1 1321   KH
	       1841.92 20652.8082    20652.8   2.0 1 1 9   KH
	       1856.87 20621.7303    20621.9   2.0 1 1 
	       2000.66 20322.5825    20322.6   2.0 1 1 
	function chebyshev
	order 4
	sample *
	naverage 1
	niterate 10
	low_reject 3.
	high_reject 3.
	grow 0.
	coefficients	8
		1.
		4.
		238.348388671875
		2000.6572265625
		22150.08511092804
		-1825.269061983322
		-2.313410399657564
		0.07987098724138292

# Mon 11:05:45 05-Jun-2017
begin	identify wrgnN20100401S0137[SCI,18][*,5]
	id	wrgnN20100401S0137[SCI,18]
	task	identify
	image	wrgnN20100401S0137[SCI,18][*,5]
	units	Angstroms
	features	17
	        238.38 23972.9516   23973.05   2.0 1 1 17   KH
	        297.24  23851.632   23851.54   2.0 1 1 766   KH
	        642.38 23139.3486   23139.51   2.0 1 1 14   KH
	        720.16 22978.6526   22978.36   2.0 1 1 1769   KH
	       1067.18 22260.7953 22260.9297   2.0 1 1 14   KH
	       1135.80 22118.6763 22118.6504   2.0 1 1 412   KH
	       1152.95 22083.1347   22083.21   2.0 1 1 54   KH
	       1171.06  22045.627   22045.57   2.0 1 1 9   KH
	       1414.91 21540.0115   21540.08   2.0 1 1 14   KH
	       1511.93 21338.6549 21338.6992   2.0 1 1 1769   KH
	       1655.02 21041.4645   21041.57   2.0 1 1 54   KH
	       1678.94 20991.7581   20991.83   2.0 1 1 259   KH
	       1763.04 20816.9521   20816.71   2.0 1 1 
	       1800.26 20739.5647    20739.3   2.0 1 1 
	       1841.93 20652.8785    20652.8   2.0 1 1 1321   KH
	       1856.90 20621.7551    20621.9   2.0 1 1 9   KH
	       2000.71 20322.4519    20322.6   2.0 1 1 
	function chebyshev
	order 4
	sample *
	naverage 1
	niterate 10
	low_reject 3.
	high_reject 3.
	grow 0.
	coefficients	8
		1.
		4.
		238.3843994140625
		2000.706665039062
		22150.02147973771
		-1825.230320373527
		-2.319692271119053
		-0.01953544786913487

# Mon 11:05:45 05-Jun-2017
begin	identify wrgnN20100401S0137[SCI,18][*,45]
	id	wrgnN20100401S0137[SCI,18]
	task	identify
	image	wrgnN20100401S0137[SCI,18][*,45]
	units	Angstroms
	features	20
	        215.30 24020.0438   24019.77   2.0 1 1 17   KH
	        238.29 23972.6946   23973.05   2.0 1 1 766   KH
	        297.16 23851.4315   23851.54   2.0 1 1 14   KH
	        327.94 23788.0041 23787.7891   2.0 1 1 1769   KH
	        642.31  23139.456   23139.51   2.0 1 1 14   KH
	        720.29 22978.3583   22978.36   2.0 1 1 412   KH
	       1067.08 22260.9871 22260.9297   2.0 1 1 54   KH
	       1135.75 22118.7409 22118.6504   2.0 1 1 9   KH
	       1152.93  22083.157   22083.21   2.0 1 1 14   KH
	       1171.06 22045.5869   22045.57   2.0 1 1 1769   KH
	       1414.87 21540.0004   21540.08   2.0 1 1 54   KH
	       1511.90 21338.6117 21338.6992   2.0 1 1 259   KH
	       1559.32 21240.1386   21242.79   2.0 1 0 
	       1654.91 21041.5831   21041.57   2.0 1 1 
	       1678.91 20991.7115   20991.83   2.0 1 1 1321   KH
	       1763.02   20816.89   20816.71   2.0 1 1 9   KH
	       1800.26 20739.4619    20739.3   2.0 1 1 
	       1841.92 20652.8109    20652.8   2.0 1 1 
	       1856.84 20621.7842    20621.9   2.0 1 1 1321   KH
	       2000.66 20322.5545    20322.6   2.0 1 1 42   KH
	function chebyshev
	order 4
	sample *
	naverage 1
	niterate 10
	low_reject 3.
	high_reject 3.
	grow 0.
	coefficients	8
		1.
		4.
		215.2981414794922
		2000.65625
		22173.78751137433
		-1848.831325092664
		-2.488389621021253
		0.08667442558124399

# Mon 11:05:45 05-Jun-2017
begin	identify wrgnN20100401S0137[SCI,18][*,55]
	id	wrgnN20100401S0137[SCI,18]
	task	identify
	image	wrgnN20100401S0137[SCI,18][*,55]
	units	Angstroms
	features	19
	        215.64 24019.6494   24019.77   2.0 1 1 17   KH
	        238.28 23973.0102   23973.05   2.0 1 1 766   KH
	        297.16 23851.6837   23851.54   2.0 1 1 14   KH
	        328.14 23787.8227 23787.7891   2.0 1 1 1769   KH
	        642.31 23139.5067   23139.51   2.0 1 1 14   KH
	        720.27 22978.4312   22978.36   2.0 1 1 412   KH
	       1067.20 22260.7049 22260.9297   2.0 1 1 54   KH
	       1135.66 22118.8962 22118.6504   2.0 1 1 9   KH
	       1152.93  22083.114   22083.21   2.0 1 1 14   KH
	       1171.05 22045.5771   22045.57   2.0 1 1 1769   KH
	       1414.88 21539.9716   21540.08   2.0 1 1 54   KH
	       1511.91 21338.5954 21338.6992   2.0 1 1 259   KH
	       1654.83 21041.7514   21041.57   2.0 1 1 
	       1678.92 20991.7105   20991.83   2.0 1 1 
	       1763.04  20816.863   20816.71   2.0 1 1 1321   KH
	       1800.22 20739.5555    20739.3   2.0 1 1 9   KH
	       1841.95 20652.7776    20652.8   2.0 1 1 
	       1856.88 20621.7356    20621.9   2.0 1 1 
	       2000.69 20322.5117    20322.6   2.0 1 1 1321   KH
	function chebyshev
	order 4
	sample *
	naverage 1
	niterate 10
	low_reject 3.
	high_reject 3.
	grow 0.
	coefficients	8
		1.
		4.
		215.6412506103515
		2000.6904296875
		22173.46969368022
		-1848.618678520506
		-2.389133652610374
		0.04982338970212324

# Mon 11:05:45 05-Jun-2017
begin	identify wrgnN20100401S0137[SCI,18][*,65]
	id	wrgnN20100401S0137[SCI,18]
	task	identify
	image	wrgnN20100401S0137[SCI,18][*,65]
	units	Angstroms
	features	19
	        215.49 24019.8659   24019.77   2.0 1 1 17   KH
	        238.30 23972.8811   23973.05   2.0 1 1 766   KH
	        297.17 23851.6088   23851.54   2.0 1 1 14   KH
	        326.93 23790.3007 23787.7891   2.0 1 0 1769   KH
	        642.33 23139.5609   23139.51   2.0 1 1 14   KH
	        720.38 22978.3173   22978.36   2.0 1 1 412   KH
	       1067.20 22260.8325 22260.9297   2.0 1 1 54   KH
	       1135.80 22118.7232 22118.6504   2.0 1 1 9   KH
	       1152.95 22083.1973   22083.21   2.0 1 1 14   KH
	       1171.05  22045.684   22045.57   2.0 1 1 1769   KH
	       1414.89  21540.017   21540.08   2.0 1 1 54   KH
	       1511.91 21338.6341 21338.6992   2.0 1 1 259   KH
	       1655.01 21041.4307   21041.57   2.0 1 1 
	       1678.92 20991.7284   20991.83   2.0 1 1 
	       1763.04 20816.9041   20816.71   2.0 1 1 1321   KH
	       1800.22 20739.5998    20739.3   2.0 1 1 9   KH
	       1841.95 20652.8215    20652.8   2.0 1 1 
	       1856.89 20621.7507    20621.9   2.0 1 1 
	       2000.71 20322.5218    20322.6   2.0 1 1 1321   KH
	function chebyshev
	order 4
	sample *
	naverage 1
	niterate 10
	low_reject 3.
	high_reject 3.
	grow 0.
	coefficients	8
		1.
		4.
		215.4876861572266
		2000.714965820312
		22173.6505377243
		-1848.771101362821
		-2.456668273531995
		0.09906380116794577

