# Mon 11:05:42 05-Jun-2017
begin	identify wrgnN20100401S0137[SCI,4][*,35]
	id	wrgnN20100401S0137[SCI,4]
	task	identify
	image	wrgnN20100401S0137[SCI,4][*,35]
	units	Angstrom
	features	24
	        232.47  24019.454   24019.77   2.0 1 1 17   KH
	        255.13 23972.7746   23973.05   2.0 1 1 766   KH
	        284.96 23911.2925    23911.2   2.0 1 1 14   KH
	        314.01 23851.4321   23851.54   2.0 1 1 1769   KH
	        344.48 23788.6178   23787.79   2.0 1 1 10   KH
	        659.19 23139.2885   23139.51   2.0 1 1 1769   KH
	        737.07 22978.4214   22978.36   2.0 1 1 10   KH
	       1084.06 22260.7812   22260.93   2.0 1 1 11   KH
	       1105.99  22215.377   22215.73   2.0 1 1 10   KH
	       1152.50 22119.0478 22118.6504   2.0 1 1 10   KH
	       1169.71 22083.4044   22083.21   2.0 1 1 54   KH
	       1187.88  22045.758   22045.57   2.0 1 1 11   KH
	       1321.37 21769.0449   21770.25   2.0 1 1 21   KH
	       1365.91 21676.6716   21675.89   2.0 1 1 12   KH
	       1431.61 21540.3594   21540.08   2.0 1 1 10   KH
	       1528.62 21338.9634    21338.7   2.0 1 1 153   KH
	       1575.56  21241.474   21242.79   2.0 1 1 12   KH
	       1671.54 21042.0021 21041.5703   2.0 1 1 1321   KH
	       1695.60 20991.9837   20991.83   2.0 1 1 1763   KH
	       1779.74 20816.9749 20816.7109   2.0 1 1 21   KH
	       1816.91 20739.6192 20739.3008   2.0 1 1 12   KH
	       1858.58 20652.8858 20652.8008   2.0 1 1 832   KH
	       1873.51 20621.8046    20621.9   2.0 1 1 1321   KH
	       2017.28 20322.3003    20322.6   2.0 1 1 12   KH
	function chebyshev
	order 4
	sample *
	naverage 1
	niterate 10
	low_reject 3.
	high_reject 3.
	grow 0.
	coefficients	8
		1.
		4.
		232.4706115722656
		2017.28076171875
		22173.56901880086
		-1848.477220647517
		-2.691848497417366
		-0.09964437753339751

# Mon 11:05:42 05-Jun-2017
begin	identify wrgnN20100401S0137[SCI,4][*,25]
	id	wrgnN20100401S0137[SCI,4]
	task	identify
	image	wrgnN20100401S0137[SCI,4][*,25]
	units	Angstroms
	features	22
	        233.20 24018.8932   24019.77   2.0 1 1 17   KH
	        255.46  23973.027   23973.05   2.0 1 1 766   KH
	        285.00 23912.1736    23911.2   2.0 1 1 14   KH
	        314.32 23851.7391   23851.54   2.0 1 1 1769   KH
	        659.55  23139.349   23139.51   2.0 1 1 10   KH
	        737.63 22978.0202   22978.36   2.0 1 1 1769   KH
	       1084.04 22261.3221   22260.93   2.0 1 1 10   KH
	       1106.24 22215.3372   22215.73   2.0 1 1 11   KH
	       1170.04 22083.1738   22083.21   2.0 1 1 10   KH
	       1188.27 22045.3803   22045.57   2.0 1 1 10   KH
	       1320.65 21770.9461   21770.25   2.0 1 1 54   KH
	       1366.23  21676.409   21675.89   2.0 1 1 11   KH
	       1431.96 21540.0289   21540.08   2.0 1 1 21   KH
	       1528.97 21338.6501    21338.7   2.0 1 1 12   KH
	       1575.58  21241.857   21242.79   2.0 1 1 10   KH
	       1671.97 21041.6018 21041.5703   2.0 1 1 153   KH
	       1695.96 20991.7472   20991.83   2.0 1 1 12   KH
	       1780.11 20816.8241 20816.7109   2.0 1 1 1321   KH
	       1817.27 20739.5494 20739.3008   2.0 1 1 1763   KH
	       1858.94 20652.8841 20652.8008   2.0 1 1 21   KH
	       1873.90  20621.775    20621.9   2.0 1 1 12   KH
	       2017.66 20322.6047    20322.6   2.0 1 1 832   KH
	function chebyshev
	order 4
	sample *
	naverage 1
	niterate 10
	low_reject 3.
	high_reject 3.
	grow 0.
	coefficients	8
		1.
		4.
		233.2012481689453
		2017.65625
		22173.17065137055
		-1848.191969700055
		-2.42170644430329
		0.04774326915148581

# Mon 11:05:42 05-Jun-2017
begin	identify wrgnN20100401S0137[SCI,4][*,15]
	id	wrgnN20100401S0137[SCI,4]
	task	identify
	image	wrgnN20100401S0137[SCI,4][*,15]
	units	Angstroms
	features	18
	        233.25  24019.707   24019.77   2.0 1 1 17   KH
	        255.92 23973.0098   23973.05   2.0 1 1 766   KH
	        314.77 23851.7519   23851.54   2.0 1 1 14   KH
	        659.93 23139.4946   23139.51   2.0 1 1 1769   KH
	        738.07 22978.0002   22978.36   2.0 1 1 10   KH
	       1084.31  22261.463   22260.93   2.0 1 1 1769   KH
	       1170.36 22083.1664   22083.21   2.0 1 1 10   KH
	       1188.60 22045.3469   22045.57   2.0 1 1 11   KH
	       1366.61 21676.1761   21675.89   2.0 1 1 10   KH
	       1432.24 21539.9887   21540.08   2.0 1 1 10   KH
	       1529.22 21338.6352    21338.7   2.0 1 1 54   KH
	       1672.30  21041.431 21041.5703   2.0 1 1 11   KH
	       1696.22 20991.7086   20991.83   2.0 1 1 21   KH
	       1780.41 20816.7149 20816.7109   2.0 1 1 12   KH
	       1817.60 20739.4026 20739.3008   2.0 1 1 10   KH
	       1859.22 20652.8487 20652.8008   2.0 1 1 153   KH
	       1874.15  20621.797    20621.9   2.0 1 1 12   KH
	       2017.93 20322.6802    20322.6   2.0 1 1 1321   KH
	function chebyshev
	order 4
	sample *
	naverage 1
	niterate 10
	low_reject 3.
	high_reject 3.
	grow 0.
	coefficients	8
		1.
		4.
		233.2479248046875
		2017.934936523438
		22173.56654305188
		-1848.653024175786
		-2.372963423541785
		0.1396257129264208

# Mon 11:05:42 05-Jun-2017
begin	identify wrgnN20100401S0137[SCI,4][*,5]
	id	wrgnN20100401S0137[SCI,4]
	task	identify
	image	wrgnN20100401S0137[SCI,4][*,5]
	units	Angstroms
	features	17
	        256.06  23973.037   23973.05   2.0 1 1 17   KH
	        314.98 23851.5619   23851.54   2.0 1 1 766   KH
	        660.12 23139.3191   23139.51   2.0 1 1 14   KH
	        737.93 22978.5617   22978.36   2.0 1 1 1769   KH
	       1084.71 22261.2053   22260.93   2.0 1 1 10   KH
	       1170.74 22083.0273   22083.21   2.0 1 1 1769   KH
	       1188.89 22045.4171   22045.57   2.0 1 1 10   KH
	       1366.26 21677.7043   21675.89   2.0 1 0 11   KH
	       1432.62 21540.0254   21540.08   2.0 1 1 10   KH
	       1529.63 21338.6422    21338.7   2.0 1 1 10   KH
	       1672.46 21041.9266 21041.5703   2.0 1 1 54   KH
	       1696.60 20991.7497   20991.83   2.0 1 1 11   KH
	       1780.89 20816.4789 20816.7109   2.0 1 1 21   KH
	       1817.92 20739.4537 20739.3008   2.0 1 1 12   KH
	       1859.50 20652.9411 20652.8008   2.0 1 1 10   KH
	       1874.49 20621.7359    20621.9   2.0 1 1 153   KH
	       2018.16   20322.58    20322.6   2.0 1 1 12   KH
	function chebyshev
	order 4
	sample *
	naverage 1
	niterate 10
	low_reject 3.
	high_reject 3.
	grow 0.
	coefficients	8
		1.
		4.
		256.0557250976562
		2018.16064453125
		22150.25050370391
		-1825.166369840178
		-2.442035259395479
		-0.06214528277681258

# Mon 11:05:42 05-Jun-2017
begin	identify wrgnN20100401S0137[SCI,4][*,45]
	id	wrgnN20100401S0137[SCI,4]
	task	identify
	image	wrgnN20100401S0137[SCI,4][*,45]
	units	Angstroms
	features	17
	        254.70  23972.816   23973.05   2.0 1 1 17   KH
	        283.53 23913.4207    23911.2   2.0 1 0 766   KH
	        313.53 23851.5895   23851.54   2.0 1 1 14   KH
	        344.32 23788.1219   23787.79   2.0 1 1 1769   KH
	        658.75 23139.2558   23139.51   2.0 1 1 10   KH
	       1083.33 22261.0399   22260.93   2.0 1 1 1769   KH
	       1152.01 22118.7673 22118.6504   2.0 1 1 10   KH
	       1169.17 22083.1942   22083.21   2.0 1 1 11   KH
	       1187.35 22045.5176   22045.57   2.0 1 1 10   KH
	       1431.09 21540.0638   21540.08   2.0 1 1 10   KH
	       1528.11 21338.6798    21338.7   2.0 1 1 54   KH
	       1695.10 20991.8043   20991.83   2.0 1 1 11   KH
	       1779.28 20816.8347 20816.7109   2.0 1 1 21   KH
	       1816.67 20739.0807 20739.3008   2.0 1 1 12   KH
	       1858.10 20652.9296 20652.8008   2.0 1 1 10   KH
	       1873.04 20621.8511    20621.9   2.0 1 1 153   KH
	       2016.85 20322.6266    20322.6   2.0 1 1 12   KH
	function chebyshev
	order 4
	sample *
	naverage 1
	niterate 10
	low_reject 3.
	high_reject 3.
	grow 0.
	coefficients	8
		1.
		4.
		254.7001800537109
		2016.853271484375
		22150.05591814019
		-1825.163541834862
		-2.334636379061249
		0.06881898671394149

# Mon 11:05:42 05-Jun-2017
begin	identify wrgnN20100401S0137[SCI,4][*,55]
	id	wrgnN20100401S0137[SCI,4]
	task	identify
	image	wrgnN20100401S0137[SCI,4][*,55]
	units	Angstroms
	features	17
	        254.12 23972.3034   23973.05   2.0 1 1 17   KH
	        283.30 23912.2799    23911.2   2.0 1 1 766   KH
	        313.02 23851.1197   23851.54   2.0 1 1 14   KH
	        343.75 23787.8675   23787.79   2.0 1 1 1769   KH
	        658.16 23139.7198   23139.51   2.0 1 1 10   KH
	       1083.67 22259.8309   22260.93   2.0 1 1 1769   KH
	       1151.60 22119.0928 22118.6504   2.0 1 1 10   KH
	       1168.84 22083.3745   22083.21   2.0 1 1 11   KH
	       1186.95 22045.8308   22045.57   2.0 1 1 10   KH
	       1430.76 21540.1307   21540.08   2.0 1 1 10   KH
	       1527.77 21338.7121    21338.7   2.0 1 1 54   KH
	       1694.76 20991.7323   20991.83   2.0 1 1 11   KH
	       1778.91 20816.7822 20816.7109   2.0 1 1 21   KH
	       1816.05 20739.5529 20739.3008   2.0 1 1 12   KH
	       1857.79 20652.7219 20652.8008   2.0 1 1 10   KH
	       1872.70 20621.7134    20621.9   2.0 1 1 153   KH
	       2016.43  20322.608    20322.6   2.0 1 1 12   KH
	function chebyshev
	order 4
	sample *
	naverage 1
	niterate 10
	low_reject 3.
	high_reject 3.
	grow 0.
	coefficients	8
		1.
		4.
		254.1192474365234
		2016.432739257813
		22150.18819398525
		-1825.050516709667
		-2.732517390088546
		0.2028274625917569

# Mon 11:05:42 05-Jun-2017
begin	identify wrgnN20100401S0137[SCI,4][*,65]
	id	wrgnN20100401S0137[SCI,4]
	task	identify
	image	wrgnN20100401S0137[SCI,4][*,65]
	units	Angstroms
	features	16
	        253.83 23972.8489   23973.05   2.0 1 1 17   KH
	        312.70 23851.4927   23851.54   2.0 1 1 766   KH
	        343.39 23788.2173   23787.79   2.0 1 1 14   KH
	        657.88 23139.1261   23139.51   2.0 1 1 1769   KH
	       1082.16 22261.6151   22260.93   2.0 1 1 10   KH
	       1151.19 22118.6444 22118.6504   2.0 1 1 1769   KH
	       1168.36 22083.0722   22083.21   2.0 1 1 10   KH
	       1186.59 22045.3078   22045.57   2.0 1 1 11   KH
	       1430.33 21539.9527   21540.08   2.0 1 1 10   KH
	       1527.29 21338.7077    21338.7   2.0 1 1 10   KH
	       1694.30 20991.8429   20991.83   2.0 1 1 54   KH
	       1778.56 20816.7199 20816.7109   2.0 1 1 11   KH
	       1815.81 20739.2825 20739.3008   2.0 1 1 21   KH
	       1857.34  20652.906 20652.8008   2.0 1 1 12   KH
	       1872.28 20621.8506    20621.9   2.0 1 1 10   KH
	       2016.10 20322.5863    20322.6   2.0 1 1 153   KH
	function chebyshev
	order 4
	sample *
	naverage 1
	niterate 10
	low_reject 3.
	high_reject 3.
	grow 0.
	coefficients	8
		1.
		4.
		253.8252258300781
		2016.095703125
		22149.99400433957
		-1825.133079355825
		-2.276416999697756
		0.001777420835136924

