# Mon 11:05:42 05-Jun-2017
begin	identify wrgnN20100401S0137[SCI,8][*,35]
	id	wrgnN20100401S0137[SCI,8]
	task	identify
	image	wrgnN20100401S0137[SCI,8][*,35]
	units	Angstrom
	features	24
	        231.55 24019.8663   24019.77   2.0 1 1 17   KH
	        254.51 23972.5648   23973.05   2.0 1 1 17   KH
	        283.87 23912.0651    23911.2   2.0 1 1 14   KH
	        313.39 23851.2433   23851.54   2.0 1 1 1769   KH
	        342.53 23791.1782   23787.79   2.0 1 0 10   KH
	        658.59 23138.9885   23139.51   2.0 1 1 10   KH
	        736.40 22978.2372   22978.36   2.0 1 1 412   KH
	        948.45 22539.7694   22539.74   2.0 1 1 14   KH
	       1082.84 22261.6044   22260.93   2.0 1 1 9   KH
	       1104.94 22215.8221 22215.7305   2.0 1 1 11   KH
	       1151.77 22118.8406 22118.6504   2.0 1 1 10   KH
	       1168.99 22083.1599   22083.21   2.0 1 1 412   KH
	       1187.16 22045.5006   22045.57   2.0 1 1 14   KH
	       1320.19 21769.7547   21770.25   2.0 1 1 1769   KH
	       1365.24 21676.3246   21675.89   2.0 1 1 21   KH
	       1430.90 21540.1208   21540.08   2.0 1 1 832   KH
	       1527.91 21338.7631    21338.7   2.0 1 1 11   KH
	       1671.53 21040.4513   21041.57   2.0 1 1 10   KH
	       1694.90  20991.888   20991.83   2.0 1 1 42   KH
	       1779.09 20816.8742 20816.7109   2.0 1 1 412   KH
	       1816.28 20739.5379 20739.3008   2.0 1 1 54   KH
	       1857.89 20652.9758 20652.8008   2.0 1 1 9   KH
	       1872.81 20621.9439    20621.9   2.0 1 1 21   KH
	       2016.64  20322.597    20322.6   2.0 1 1 12   KH
	function chebyshev
	order 4
	sample *
	naverage 1
	niterate 10
	low_reject 3.
	high_reject 3.
	grow 0.
	coefficients	8
		1.
		4.
		231.5541381835938
		2016.638671875
		22173.69338095826
		-1848.642989021491
		-2.46173498740462
		0.008376857086154647

# Mon 11:05:43 05-Jun-2017
begin	identify wrgnN20100401S0137[SCI,8][*,25]
	id	wrgnN20100401S0137[SCI,8]
	task	identify
	image	wrgnN20100401S0137[SCI,8][*,25]
	units	Angstroms
	features	23
	        231.77 24020.0818   24019.77   2.0 1 1 17   KH
	        254.79 23972.6575   23973.05   2.0 1 1 17   KH
	        284.54 23911.3587    23911.2   2.0 1 1 14   KH
	        313.64 23851.4088   23851.54   2.0 1 1 1769   KH
	        658.79 23139.2328   23139.51   2.0 1 1 10   KH
	        736.54 22978.6042   22978.36   2.0 1 1 10   KH
	        948.39 22540.4677   22539.74   2.0 1 1 412   KH
	       1083.19 22261.4073   22260.93   2.0 1 1 14   KH
	       1105.72 22214.7412 22215.7305   2.0 1 1 9   KH
	       1152.02 22118.8186 22118.6504   2.0 1 1 11   KH
	       1169.18 22083.2667   22083.21   2.0 1 1 10   KH
	       1187.44 22045.4077   22045.57   2.0 1 1 412   KH
	       1320.78 21768.9646   21770.25   2.0 1 1 14   KH
	       1365.29 21676.6332   21675.89   2.0 1 1 1769   KH
	       1431.07 21540.1407   21540.08   2.0 1 1 21   KH
	       1528.09 21338.7416    21338.7   2.0 1 1 832   KH
	       1671.05 21041.7481   21041.57   2.0 1 1 11   KH
	       1695.05 20991.8622   20991.83   2.0 1 1 10   KH
	       1779.23 20816.8657 20816.7109   2.0 1 1 42   KH
	       1816.47 20739.4062 20739.3008   2.0 1 1 412   KH
	       1858.08 20652.8677 20652.8008   2.0 1 1 54   KH
	       1873.03 20621.7667    20621.9   2.0 1 1 9   KH
	       2016.84 20322.4437    20322.6   2.0 1 1 21   KH
	function chebyshev
	order 4
	sample *
	naverage 1
	niterate 10
	low_reject 3.
	high_reject 3.
	grow 0.
	coefficients	8
		1.
		4.
		231.7705688476562
		2016.843627929687
		22173.74664492392
		-1848.872172246253
		-2.48390895355279
		0.05313843723577177

# Mon 11:05:43 05-Jun-2017
begin	identify wrgnN20100401S0137[SCI,8][*,15]
	id	wrgnN20100401S0137[SCI,8]
	task	identify
	image	wrgnN20100401S0137[SCI,8][*,15]
	units	Angstroms
	features	21
	        231.99  24020.165   24019.77   2.0 1 1 17   KH
	        254.99 23972.7784   23973.05   2.0 1 1 17   KH
	        313.91  23851.364   23851.54   2.0 1 1 14   KH
	        659.00 23139.3153   23139.51   2.0 1 1 1769   KH
	        736.76 22978.6444   22978.36   2.0 1 1 10   KH
	        948.97 22539.7822   22539.74   2.0 1 1 10   KH
	       1083.70 22260.8754   22260.93   2.0 1 1 412   KH
	       1106.47 22213.6998 22215.7305   2.0 1 0 14   KH
	       1152.26 22118.8379 22118.6504   2.0 1 1 9   KH
	       1169.49 22083.1508   22083.21   2.0 1 1 11   KH
	       1187.71 22045.3963   22045.57   2.0 1 1 10   KH
	       1365.36 21677.0442   21675.89   2.0 1 0 412   KH
	       1431.35 21540.1083   21540.08   2.0 1 1 14   KH
	       1528.37 21338.7113    21338.7   2.0 1 1 1769   KH
	       1671.41 21041.5563   21041.57   2.0 1 1 21   KH
	       1695.34 20991.8261   20991.83   2.0 1 1 832   KH
	       1779.62 20816.6243 20816.7109   2.0 1 1 11   KH
	       1816.75 20739.4078 20739.3008   2.0 1 1 10   KH
	       1858.38 20652.8059 20652.8008   2.0 1 1 42   KH
	       1873.26 20621.8547    20621.9   2.0 1 1 412   KH
	       2017.03 20322.6183    20322.6   2.0 1 1 54   KH
	function chebyshev
	order 4
	sample *
	naverage 1
	niterate 10
	low_reject 3.
	high_reject 3.
	grow 0.
	coefficients	8
		1.
		4.
		231.9909515380859
		2017.025634765625
		22173.86511801658
		-1848.809594843292
		-2.473455665618899
		0.03626628045606675

# Mon 11:05:43 05-Jun-2017
begin	identify wrgnN20100401S0137[SCI,8][*,5]
	id	wrgnN20100401S0137[SCI,8]
	task	identify
	image	wrgnN20100401S0137[SCI,8][*,5]
	units	Angstroms
	features	20
	        232.59 24019.6271   24019.77   2.0 1 1 17   KH
	        255.19 23973.0712   23973.05   2.0 1 1 17   KH
	        314.09 23851.7236   23851.54   2.0 1 1 14   KH
	        659.20 23139.6012   23139.51   2.0 1 1 1769   KH
	        737.39 22978.0208   22978.36   2.0 1 1 10   KH
	        949.15 22540.0155   22539.74   2.0 1 1 10   KH
	       1083.97 22260.8629   22260.93   2.0 1 1 412   KH
	       1152.55 22118.7682 22118.6504   2.0 1 1 14   KH
	       1169.76 22083.0908   22083.21   2.0 1 1 9   KH
	       1187.90 22045.5116   22045.57   2.0 1 1 11   KH
	       1366.02 21676.1291   21675.89   2.0 1 1 10   KH
	       1431.66 21539.9063   21540.08   2.0 1 1 412   KH
	       1528.66 21338.5337    21338.7   2.0 1 1 14   KH
	       1671.43  21041.947   21041.57   2.0 1 1 1769   KH
	       1695.65 20991.6211   20991.83   2.0 1 1 21   KH
	       1779.79 20816.7121 20816.7109   2.0 1 1 832   KH
	       1816.96 20739.4187 20739.3008   2.0 1 1 11   KH
	       1858.64 20652.7297 20652.8008   2.0 1 1 10   KH
	       1873.52 20621.7798    20621.9   2.0 1 1 42   KH
	       2017.28 20322.6425    20322.6   2.0 1 1 412   KH
	function chebyshev
	order 4
	sample *
	naverage 1
	niterate 10
	low_reject 3.
	high_reject 3.
	grow 0.
	coefficients	8
		1.
		4.
		232.5911407470703
		2017.284423828125
		22173.55818085212
		-1848.597824674715
		-2.423367982207818
		0.1055597364284707

# Mon 11:05:43 05-Jun-2017
begin	identify wrgnN20100401S0137[SCI,8][*,45]
	id	wrgnN20100401S0137[SCI,8]
	task	identify
	image	wrgnN20100401S0137[SCI,8][*,45]
	units	Angstroms
	features	21
	        254.16   23972.66   23973.05   2.0 1 1 17   KH
	        283.79 23911.6789    23911.2   2.0 1 1 17   KH
	        313.06 23851.4186   23851.54   2.0 1 1 14   KH
	        658.16 23139.7344   23139.51   2.0 1 1 1769   KH
	        736.24 22978.4478   22978.36   2.0 1 1 10   KH
	        948.54 22539.4018   22539.74   2.0 1 1 10   KH
	       1105.14 22215.1054 22215.7305   2.0 1 1 412   KH
	       1151.51 22119.0226 22118.6504   2.0 1 1 14   KH
	       1168.78 22083.2241   22083.21   2.0 1 1 9   KH
	       1186.92 22045.6351   22045.57   2.0 1 1 11   KH
	       1319.71 21770.2642   21770.25   2.0 1 1 10   KH
	       1365.00 21676.2878   21675.89   2.0 1 1 412   KH
	       1430.67  21540.002   21540.08   2.0 1 1 14   KH
	       1527.64 21338.6735    21338.7   2.0 1 1 1769   KH
	       1670.62 21041.6199   21041.57   2.0 1 1 21   KH
	       1694.63 20991.7224   20991.83   2.0 1 1 832   KH
	       1778.80 20816.7397 20816.7109   2.0 1 1 11   KH
	       1815.97 20739.4546 20739.3008   2.0 1 1 10   KH
	       1857.67 20652.7309 20652.8008   2.0 1 1 42   KH
	       1872.59 20621.6941    20621.9   2.0 1 1 412   KH
	       2016.31 20322.6756    20322.6   2.0 1 1 54   KH
	function chebyshev
	order 4
	sample *
	naverage 1
	niterate 10
	low_reject 3.
	high_reject 3.
	grow 0.
	coefficients	8
		1.
		4.
		254.1614532470703
		2016.314086914062
		22150.20781744099
		-1825.191039773279
		-2.540049249240457
		0.1988482146518301

# Mon 11:05:43 05-Jun-2017
begin	identify wrgnN20100401S0137[SCI,8][*,55]
	id	wrgnN20100401S0137[SCI,8]
	task	identify
	image	wrgnN20100401S0137[SCI,8][*,55]
	units	Angstroms
	features	20
	        253.93 23972.7259   23973.05   2.0 1 1 17   KH
	        283.60  23911.621    23911.2   2.0 1 1 17   KH
	        312.81 23851.4561   23851.54   2.0 1 1 14   KH
	        657.94 23139.5305   23139.51   2.0 1 1 1769   KH
	        735.89 22978.4717   22978.36   2.0 1 1 10   KH
	        948.19 22539.3792   22539.74   2.0 1 1 10   KH
	       1151.23 22118.8593 22118.6504   2.0 1 1 412   KH
	       1168.39  22083.294   22083.21   2.0 1 1 14   KH
	       1186.61 22045.5154   22045.57   2.0 1 1 9   KH
	       1320.13 21768.6533   21770.25   2.0 1 0 11   KH
	       1364.86 21675.8498   21675.89   2.0 1 1 10   KH
	       1430.27 21540.1095   21540.08   2.0 1 1 412   KH
	       1527.28 21338.7072    21338.7   2.0 1 1 14   KH
	       1670.27 21041.6855   21041.57   2.0 1 1 1769   KH
	       1694.30 20991.7613   20991.83   2.0 1 1 21   KH
	       1778.54 20816.6701 20816.7109   2.0 1 1 832   KH
	       1815.75 20739.3119 20739.3008   2.0 1 1 11   KH
	       1857.36  20652.797 20652.8008   2.0 1 1 10   KH
	       1872.25 20621.8188    20621.9   2.0 1 1 42   KH
	       2016.08 20322.6489    20322.6   2.0 1 1 412   KH
	function chebyshev
	order 4
	sample *
	naverage 1
	niterate 10
	low_reject 3.
	high_reject 3.
	grow 0.
	coefficients	8
		1.
		4.
		253.9266052246094
		2016.082763671875
		22150.08177245031
		-1825.225218133495
		-2.39436544807443
		0.1866939681371184

# Mon 11:05:43 05-Jun-2017
begin	identify wrgnN20100401S0137[SCI,8][*,65]
	id	wrgnN20100401S0137[SCI,8]
	task	identify
	image	wrgnN20100401S0137[SCI,8][*,65]
	units	Angstroms
	features	20
	        253.72 23972.8835   23973.05   2.0 1 1 17   KH
	        283.14 23912.2895    23911.2   2.0 1 0 17   KH
	        312.53 23851.7427   23851.54   2.0 1 1 14   KH
	        657.74 23139.5415   23139.51   2.0 1 1 1769   KH
	        735.78 22978.2719   22978.36   2.0 1 1 10   KH
	        947.79 22539.7137   22539.74   2.0 1 1 10   KH
	       1151.03 22118.7444 22118.6504   2.0 1 1 412   KH
	       1168.16 22083.2316   22083.21   2.0 1 1 14   KH
	       1186.33 22045.5703   22045.57   2.0 1 1 9   KH
	       1321.06 21766.1885   21770.25   2.0 1 0 11   KH
	       1364.59 21675.8863   21675.89   2.0 1 1 10   KH
	       1430.08 21539.9791   21540.08   2.0 1 1 412   KH
	       1527.09  21338.588    21338.7   2.0 1 1 14   KH
	       1669.97 21041.8327   21041.57   2.0 1 1 1769   KH
	       1694.10 20991.6864   20991.83   2.0 1 1 21   KH
	       1778.25 20816.8187 20816.7109   2.0 1 1 832   KH
	       1815.52 20739.3476 20739.3008   2.0 1 1 11   KH
	       1857.14 20652.8297 20652.8008   2.0 1 1 10   KH
	       1872.09 20621.7501    20621.9   2.0 1 1 42   KH
	       2015.94 20322.5948    20322.6   2.0 1 1 412   KH
	function chebyshev
	order 4
	sample *
	naverage 1
	niterate 10
	low_reject 3.
	high_reject 3.
	grow 0.
	coefficients	8
		1.
		4.
		253.7176513671875
		2015.943603515625
		22150.02802451696
		-1825.347148979148
		-2.288898826002365
		0.2027755262419434

