# Mon 11:05:45 05-Jun-2017
begin	identify wrgnN20100401S0137[SCI,17][*,35]
	id	wrgnN20100401S0137[SCI,17]
	task	identify
	image	wrgnN20100401S0137[SCI,17][*,35]
	units	Angstrom
	features	25
	        217.52 24020.7322   24019.77   2.0 1 1 17   KH
	        241.10 23972.1778   23973.05   2.0 1 1 766   KH
	        270.53 23911.5729    23911.2   2.0 1 1 17   KH
	        299.99 23850.8923   23851.54   2.0 1 1 1769   KH
	        330.54 23787.9426   23787.79   2.0 1 1 10   KH
	        645.11 23139.0721   23139.51   2.0 1 1 412   KH
	        722.82 22978.5437   22978.36   2.0 1 1 54   KH
	        934.95  22539.968   22539.74   2.0 1 1 9   KH
	       1069.57 22261.3234   22260.93   2.0 1 1 766   KH
	       1091.36 22216.1884   22215.73   2.0 1 1 412   KH
	       1138.41  22118.735   22118.65   2.0 1 1 68   KH
	       1155.63 22083.0568   22083.21   2.0 1 1 1769   KH
	       1173.81 22045.3993   22045.57   2.0 1 1 259   KH
	       1221.14 21947.3083   21947.81   2.0 1 1 19   KH
	       1308.48 21766.2389   21770.25   2.0 1 0 21   KH
	       1417.52 21540.0616   21540.08   2.0 1 1 21   KH
	       1514.61 21338.5553 21338.6992   2.0 1 1 412   KH
	       1561.84 21240.4839   21242.79   2.0 1 0 12   KH
	       1657.57 21041.6468 21041.5703   2.0 1 1 68   KH
	       1681.59 20991.7225   20991.83   2.0 1 1 12   KH
	       1765.76 20816.7941 20816.7109   2.0 1 1 9   KH
	       1802.94 20739.4901 20739.3008   2.0 1 1 1763   KH
	       1844.66 20652.7409    20652.8   2.0 1 1 19   KH
	       1859.55 20621.7779    20621.9   2.0 1 1 21   KH
	       2003.32 20322.6493    20322.6   2.0 1 1 2 NOAO
	function chebyshev
	order 4
	sample *
	naverage 1
	niterate 10
	low_reject 3.
	high_reject 3.
	grow 0.
	coefficients	8
		1.
		4.
		217.5170288085938
		2003.32275390625
		22174.20440086399
		-1849.132808125964
		-2.513636002351728
		0.09136869291955028

# Mon 11:05:45 05-Jun-2017
begin	identify wrgnN20100401S0137[SCI,17][*,25]
	id	wrgnN20100401S0137[SCI,17]
	task	identify
	image	wrgnN20100401S0137[SCI,17][*,25]
	units	Angstroms
	features	21
	        218.75 24019.3839   24019.77   2.0 1 1 17   KH
	        241.10 23973.3127   23973.05   2.0 1 1 766   KH
	        300.03 23851.7748   23851.54   2.0 1 1 17   KH
	        645.10 23139.4839   23139.51   2.0 1 1 1769   KH
	        723.20 22978.1092   22978.36   2.0 1 1 10   KH
	       1069.78 22261.1153   22260.93   2.0 1 1 412   KH
	       1089.42 22220.4568   22215.73   2.0 1 0 54   KH
	       1138.45 22118.9051   22118.65   2.0 1 1 9   KH
	       1155.73 22083.0909   22083.21   2.0 1 1 766   KH
	       1173.89 22045.4856   22045.57   2.0 1 1 412   KH
	       1307.46 21768.6264   21770.25   2.0 1 0 68   KH
	       1417.63 21540.0839   21540.08   2.0 1 1 1769   KH
	       1514.68 21338.6528 21338.6992   2.0 1 1 259   KH
	       1562.97 21238.3714   21242.79   2.0 1 0 19   KH
	       1657.69  21041.599 21041.5703   2.0 1 1 21   KH
	       1681.72 20991.6695   20991.83   2.0 1 1 21   KH
	       1765.88 20816.6996 20816.7109   2.0 1 1 412   KH
	       1802.96 20739.5679 20739.3008   2.0 1 1 12   KH
	       1844.69 20652.7499    20652.8   2.0 1 1 68   KH
	       1859.59 20621.7545    20621.9   2.0 1 1 12   KH
	       2003.26 20322.6426    20322.6   2.0 1 1 9   KH
	function chebyshev
	order 4
	sample *
	naverage 1
	niterate 10
	low_reject 3.
	high_reject 3.
	grow 0.
	coefficients	8
		1.
		4.
		218.7500305175781
		2003.26416015625
		22173.37823348159
		-1848.288609516585
		-2.364964465500833
		-0.08201156166759385

# Mon 11:05:45 05-Jun-2017
begin	identify wrgnN20100401S0137[SCI,17][*,15]
	id	wrgnN20100401S0137[SCI,17]
	task	identify
	image	wrgnN20100401S0137[SCI,17][*,15]
	units	Angstroms
	features	20
	        218.02 24020.2345   24019.77   2.0 1 1 17   KH
	        241.06 23972.7667   23973.05   2.0 1 1 766   KH
	        299.98 23851.3506   23851.54   2.0 1 1 17   KH
	        645.06 23139.3437   23139.51   2.0 1 1 1769   KH
	        722.99 22978.3466   22978.36   2.0 1 1 10   KH
	       1069.59 22261.3457   22260.93   2.0 1 1 412   KH
	       1138.35 22118.9153   22118.65   2.0 1 1 54   KH
	       1155.66 22083.0613   22083.21   2.0 1 1 9   KH
	       1173.85 22045.3804   22045.57   2.0 1 1 766   KH
	       1308.00 21767.2932   21770.25   2.0 1 0 412   KH
	       1417.56 21540.0283   21540.08   2.0 1 1 68   KH
	       1514.60 21338.5935 21338.6992   2.0 1 1 1769   KH
	       1562.88 21238.3463   21242.79   2.0 1 0 259   KH
	       1657.53 21041.7172 21041.5703   2.0 1 1 19   KH
	       1681.65 20991.6086   20991.83   2.0 1 1 21   KH
	       1765.78 20816.7143 20816.7109   2.0 1 1 21   KH
	       1802.94 20739.4569 20739.3008   2.0 1 1 412   KH
	       1844.63 20652.7429    20652.8   2.0 1 1 12   KH
	       1859.52 20621.7656    20621.9   2.0 1 1 68   KH
	       2003.22 20322.7092    20322.6   2.0 1 1 12   KH
	function chebyshev
	order 4
	sample *
	naverage 1
	niterate 10
	low_reject 3.
	high_reject 3.
	grow 0.
	coefficients	8
		1.
		4.
		218.0171356201172
		2003.216796875
		22173.92252115853
		-1848.785926900845
		-2.450627455989759
		0.02327546532122694

# Mon 11:05:45 05-Jun-2017
begin	identify wrgnN20100401S0137[SCI,17][*,5]
	id	wrgnN20100401S0137[SCI,17]
	task	identify
	image	wrgnN20100401S0137[SCI,17][*,5]
	units	Angstroms
	features	19
	        218.16 24020.0325   24019.77   2.0 1 1 17   KH
	        241.07 23972.8402   23973.05   2.0 1 1 766   KH
	        299.99 23851.4222   23851.54   2.0 1 1 17   KH
	        645.06 23139.4546   23139.51   2.0 1 1 1769   KH
	        722.91 22978.6366   22978.36   2.0 1 1 10   KH
	       1070.11 22260.4053   22260.93   2.0 1 1 412   KH
	       1138.41 22118.9491   22118.65   2.0 1 1 54   KH
	       1155.65 22083.2209   22083.21   2.0 1 1 9   KH
	       1173.82  22045.584   22045.57   2.0 1 1 766   KH
	       1417.55 21540.1566   21540.08   2.0 1 1 412   KH
	       1514.59 21338.7128 21338.6992   2.0 1 1 68   KH
	       1564.29 21235.4986   21242.79   2.0 1 0 1769   KH
	       1657.64  21041.552 21041.5703   2.0 1 1 259   KH
	       1681.61 20991.7294   20991.83   2.0 1 1 19   KH
	       1765.80 20816.6883 20816.7109   2.0 1 1 21   KH
	       1802.91 20739.4908 20739.3008   2.0 1 1 21   KH
	       1844.58 20652.8005    20652.8   2.0 1 1 412   KH
	       1859.47 20621.8131    20621.9   2.0 1 1 12   KH
	       2003.20 20322.5924    20322.6   2.0 1 1 68   KH
	function chebyshev
	order 4
	sample *
	naverage 1
	niterate 10
	low_reject 3.
	high_reject 3.
	grow 0.
	coefficients	8
		1.
		4.
		218.1584625244141
		2003.204956054687
		22173.84718217735
		-1848.715921740629
		-2.534766906476837
		-0.004120407385213499

# Mon 11:05:45 05-Jun-2017
begin	identify wrgnN20100401S0137[SCI,17][*,45]
	id	wrgnN20100401S0137[SCI,17]
	task	identify
	image	wrgnN20100401S0137[SCI,17][*,45]
	units	Angstroms
	features	23
	        218.07 24019.9065   24019.77   2.0 1 1 17   KH
	        241.04 23972.5819   23973.05   2.0 1 1 766   KH
	        270.61  23911.661    23911.2   2.0 1 1 17   KH
	        299.95 23851.2197   23851.54   2.0 1 1 1769   KH
	        330.58  23788.083   23787.79   2.0 1 1 10   KH
	        645.03 23139.2758   23139.51   2.0 1 1 412   KH
	        722.92 22978.3644   22978.36   2.0 1 1 54   KH
	       1069.60 22261.2177   22260.93   2.0 1 1 9   KH
	       1092.64 22213.4983   22215.73   2.0 1 0 766   KH
	       1138.30  22118.918   22118.65   2.0 1 1 412   KH
	       1155.62 22083.0502   22083.21   2.0 1 1 68   KH
	       1173.81 22045.3641   22045.57   2.0 1 1 1769   KH
	       1221.44 21946.6485   21947.81   2.0 1 0 259   KH
	       1417.51 21540.0249   21540.08   2.0 1 1 19   KH
	       1514.56 21338.5743 21338.6992   2.0 1 1 21   KH
	       1561.97 21240.1443   21242.79   2.0 1 0 21   KH
	       1657.40 21041.9032 21041.5703   2.0 1 1 412   KH
	       1681.55 20991.7133   20991.83   2.0 1 1 12   KH
	       1765.78 20816.6275 20816.7109   2.0 1 1 68   KH
	       1802.93  20739.394 20739.3008   2.0 1 1 12   KH
	       1844.60 20652.7288    20652.8   2.0 1 1 9   KH
	       1859.47 20621.7906    20621.9   2.0 1 1 1763   KH
	       2003.21 20322.6723    20322.6   2.0 1 1 19   KH
	function chebyshev
	order 4
	sample *
	naverage 1
	niterate 10
	low_reject 3.
	high_reject 3.
	grow 0.
	coefficients	8
		1.
		4.
		218.0687255859375
		2003.210205078125
		22173.75772362088
		-1848.662945759755
		-2.468292040519556
		0.04583620258227375

# Mon 11:05:45 05-Jun-2017
begin	identify wrgnN20100401S0137[SCI,17][*,55]
	id	wrgnN20100401S0137[SCI,17]
	task	identify
	image	wrgnN20100401S0137[SCI,17][*,55]
	units	Angstroms
	features	19
	        218.13 24019.7182   24019.77   2.0 1 1 17   KH
	        240.97  23972.675   23973.05   2.0 1 1 766   KH
	        270.51 23911.8235    23911.2   2.0 1 1 17   KH
	        299.83 23851.4045   23851.54   2.0 1 1 1769   KH
	        644.95  23139.341   23139.51   2.0 1 1 10   KH
	        722.82   22978.44   22978.36   2.0 1 1 412   KH
	       1138.16 22118.9352   22118.65   2.0 1 1 54   KH
	       1155.43 22083.1487   22083.21   2.0 1 1 9   KH
	       1173.67 22045.3611   22045.57   2.0 1 1 766   KH
	       1417.33 21540.0674   21540.08   2.0 1 1 412   KH
	       1514.37 21338.6462 21338.6992   2.0 1 1 68   KH
	       1562.20 21239.3105   21242.79   2.0 1 0 1769   KH
	       1657.24 21041.8989 21041.5703   2.0 1 1 259   KH
	       1681.37 20991.7612   20991.83   2.0 1 1 19   KH
	       1765.63  20816.649 20816.7109   2.0 1 1 21   KH
	       1802.86 20739.2484 20739.3008   2.0 1 1 21   KH
	       1844.49 20652.6857    20652.8   2.0 1 1 412   KH
	       1859.31 20621.8622    20621.9   2.0 1 1 12   KH
	       2003.12  20322.685    20322.6   2.0 1 1 68   KH
	function chebyshev
	order 4
	sample *
	naverage 1
	niterate 10
	low_reject 3.
	high_reject 3.
	grow 0.
	coefficients	8
		1.
		4.
		218.1321563720703
		2003.119506835937
		22173.59427902758
		-1848.616190455917
		-2.392688803649905
		0.09961027096600071

# Mon 11:05:45 05-Jun-2017
begin	identify wrgnN20100401S0137[SCI,17][*,65]
	id	wrgnN20100401S0137[SCI,17]
	task	identify
	image	wrgnN20100401S0137[SCI,17][*,65]
	units	Angstroms
	features	18
	        240.89 23972.5346   23973.05   2.0 1 1 17   KH
	        270.35 23911.9319    23911.2   2.0 1 1 766   KH
	        299.78 23851.3663   23851.54   2.0 1 1 17   KH
	        644.91 23139.6925   23139.51   2.0 1 1 1769   KH
	        723.14 22978.0645   22978.36   2.0 1 1 10   KH
	       1138.18 22118.8575   22118.65   2.0 1 1 412   KH
	       1155.37 22083.2062   22083.21   2.0 1 1 54   KH
	       1173.62 22045.3849   22045.57   2.0 1 1 9   KH
	       1417.27 21539.8716   21540.08   2.0 1 1 766   KH
	       1514.31 21338.3986 21338.6992   2.0 1 1 412   KH
	       1559.83 21243.8569   21242.79   2.0 1 1 68   KH
	       1657.14 21041.7233 21041.5703   2.0 1 1 1769   KH
	       1681.31 20991.5122   20991.83   2.0 1 1 259   KH
	       1765.53 20816.5217 20816.7109   2.0 1 1 19   KH
	       1802.79 20739.0985 20739.3008   2.0 1 1 21   KH
	       1844.33 20652.7826    20652.8   2.0 1 1 21   KH
	       1859.27 20621.7414    20621.9   2.0 1 1 412   KH
	       2003.09  20322.826    20322.6   2.0 1 1 12   KH
	function chebyshev
	order 4
	sample *
	naverage 1
	niterate 10
	low_reject 3.
	high_reject 3.
	grow 0.
	coefficients	8
		1.
		4.
		240.89013671875
		2003.094482421875
		22150.04383546188
		-1825.239885843377
		-2.363496060809965
		0.385587146683085

