# Mon 11:05:47 05-Jun-2017
begin	identify wrgnN20100401S0137[SCI,26][*,35]
	id	wrgnN20100401S0137[SCI,26]
	task	identify
	image	wrgnN20100401S0137[SCI,26][*,35]
	units	Angstrom
	features	24
	        187.33 24019.8536   24019.77   2.0 1 1 17   KH
	        210.13 23972.9378   23973.05   2.0 1 1 766   KH
	        269.02 23851.6862   23851.54   2.0 1 1 1769   KH
	        614.25 23139.4592 23139.5098   2.0 1 1 
	        692.18 22978.3902   22978.36   2.0 1 1 54   KH
	        904.42 22539.2608   22539.74   2.0 1 1 9   KH
	       1038.47 22261.6255   22260.93   2.0 1 1 11   KH
	       1061.16 22214.6067   22215.73   2.0 1 1 10   KH
	       1107.76 22118.0318   22118.65   2.0 1 1 68   KH
	       1124.94 22082.4334   22083.21   2.0 1 1 10   KH
	       1143.08 22044.8175   22045.57   2.0 1 1 259   KH
	       1188.80 21950.0402   21947.81   2.0 1 1 19   KH
	       1274.59 21772.1458   21770.25   2.0 1 1 21   KH
	       1320.77 21676.3747   21675.89   2.0 1 1 12   KH
	       1386.94 21539.1047   21540.08   2.0 1 1 832   KH
	       1484.00 21337.7444    21338.7   2.0 1 1 68   KH
	       1528.84 21244.6959   21242.79   2.0 1 1 12   KH
	       1627.07 21040.8438   21041.57   2.0 1 1 42   KH
	       1651.05 20991.0851   20991.83   2.0 1 1 21   KH
	       1735.26 20816.3212   20816.71   2.0 1 1 140   KH
	       1772.46  20739.128    20739.3   2.0 1 1 2 NOAO
	       1814.12  20652.681    20652.8   2.0 1 1 2 NOAO
	       1829.04 20621.7199    20621.9   2.0 1 1 50 NOAO
	       1972.86 20323.3026    20322.6   2.0 1 1 19   KH
	function chebyshev
	order 4
	sample *
	naverage 1
	niterate 10
	low_reject 3.
	high_reject 3.
	grow 0.
	coefficients	8
		1.
		4.
		187.3283081054688
		1972.855712890625
		22173.4770852798
		-1848.731756197193
		-1.899016784717304
		0.4562490102594437

# Mon 11:05:47 05-Jun-2017
begin	identify wrgnN20100401S0137[SCI,26][*,25]
	id	wrgnN20100401S0137[SCI,26]
	task	identify
	image	wrgnN20100401S0137[SCI,26][*,25]
	units	Angstroms
	features	21
	        187.24 24019.7273   24019.77   2.0 1 1 17   KH
	        209.91 23973.0282   23973.05   2.0 1 1 766   KH
	        268.81 23851.6245   23851.54   2.0 1 1 1769   KH
	        613.99 23139.4072 23139.5098   2.0 1 1 
	        691.91  22978.445   22978.36   2.0 1 1 54   KH
	       1038.30 22262.0511   22260.93   2.0 1 0 9   KH
	       1107.44 22118.9041   22118.65   2.0 1 1 11   KH
	       1124.72 22083.1118   22083.21   2.0 1 1 10   KH
	       1142.88 22045.4999   22045.57   2.0 1 1 68   KH
	       1187.96 21952.0919   21947.81   2.0 1 0 10   KH
	       1321.26 21675.7865   21675.89   2.0 1 1 259   KH
	       1386.71 21540.0399   21540.08   2.0 1 1 19   KH
	       1483.76 21338.6589    21338.7   2.0 1 1 21   KH
	       1527.49 21247.8877   21242.79   2.0 1 0 12   KH
	       1626.83  21041.584   21041.57   2.0 1 1 832   KH
	       1650.84 20991.6927   20991.83   2.0 1 1 68   KH
	       1734.97 20816.8402   20816.71   2.0 1 1 12   KH
	       1772.12 20739.6138    20739.3   2.0 1 1 42   KH
	       1813.84 20652.8433    20652.8   2.0 1 1 21   KH
	       1828.81  20621.707    20621.9   2.0 1 1 140   KH
	       1972.58 20322.5252    20322.6   2.0 1 1 2 NOAO
	function chebyshev
	order 4
	sample *
	naverage 1
	niterate 10
	low_reject 3.
	high_reject 3.
	grow 0.
	coefficients	8
		1.
		4.
		187.2448577880859
		1972.58203125
		22173.51277332546
		-1848.559697006768
		-2.386517303717702
		-0.04137845563199133

# Mon 11:05:47 05-Jun-2017
begin	identify wrgnN20100401S0137[SCI,26][*,15]
	id	wrgnN20100401S0137[SCI,26]
	task	identify
	image	wrgnN20100401S0137[SCI,26][*,15]
	units	Angstroms
	features	19
	        209.73 23972.9323   23973.05   2.0 1 1 17   KH
	        268.53 23851.7497   23851.54   2.0 1 1 766   KH
	        613.82 23139.2764 23139.5098   2.0 1 1 1769   KH
	        691.67 22978.4496   22978.36   2.0 1 1 
	       1038.70 22260.6958   22260.93   2.0 1 1 54   KH
	       1107.18 22118.9051   22118.65   2.0 1 1 9   KH
	       1124.43 22083.1748   22083.21   2.0 1 1 11   KH
	       1142.65 22045.4283   22045.57   2.0 1 1 10   KH
	       1320.69 21676.4373   21675.89   2.0 1 1 68   KH
	       1386.43 21540.0911   21540.08   2.0 1 1 10   KH
	       1483.50 21338.6679    21338.7   2.0 1 1 259   KH
	       1527.78 21246.7599   21242.79   2.0 1 0 19   KH
	       1626.73 21041.2585   21041.57   2.0 1 1 21   KH
	       1650.59 20991.6952   20991.83   2.0 1 1 12   KH
	       1734.85 20816.6119   20816.71   2.0 1 1 832   KH
	       1771.97 20739.4401    20739.3   2.0 1 1 68   KH
	       1813.66 20652.7487    20652.8   2.0 1 1 12   KH
	       1828.48 20621.9339    20621.9   2.0 1 1 42   KH
	       1972.31 20322.7032    20322.6   2.0 1 1 21   KH
	function chebyshev
	order 4
	sample *
	naverage 1
	niterate 10
	low_reject 3.
	high_reject 3.
	grow 0.
	coefficients	8
		1.
		4.
		209.7308349609376
		1972.3056640625
		22150.09509819173
		-1825.102479394267
		-2.277342226776099
		-0.01203861508536062

# Mon 11:05:47 05-Jun-2017
begin	identify wrgnN20100401S0137[SCI,26][*,5]
	id	wrgnN20100401S0137[SCI,26]
	task	identify
	image	wrgnN20100401S0137[SCI,26][*,5]
	units	Angstroms
	features	18
	        209.34 23972.9776   23973.05   2.0 1 1 17   KH
	        268.23 23851.6609   23851.54   2.0 1 1 766   KH
	        613.48 23139.4537 23139.5098   2.0 1 1 1769   KH
	        691.50 22978.2915   22978.36   2.0 1 1 
	       1037.27 22263.0899   22260.93   2.0 1 0 54   KH
	       1106.99 22118.7073   22118.65   2.0 1 1 9   KH
	       1124.13 22083.2021   22083.21   2.0 1 1 11   KH
	       1142.24 22045.6844   22045.57   2.0 1 1 10   KH
	       1386.13 21540.0274   21540.08   2.0 1 1 68   KH
	       1483.17 21338.6528    21338.7   2.0 1 1 10   KH
	       1526.75 21248.1887   21242.79   2.0 1 0 259   KH
	       1626.16 21041.7333   21041.57   2.0 1 1 19   KH
	       1650.24  20991.715   20991.83   2.0 1 1 21   KH
	       1734.48  20816.667   20816.71   2.0 1 1 12   KH
	       1771.73  20739.235    20739.3   2.0 1 1 832   KH
	       1813.29 20652.8499    20652.8   2.0 1 1 68   KH
	       1828.18 20621.8838    20621.9   2.0 1 1 12   KH
	       1972.04 20322.6381    20322.6   2.0 1 1 42   KH
	function chebyshev
	order 4
	sample *
	naverage 1
	niterate 10
	low_reject 3.
	high_reject 3.
	grow 0.
	coefficients	8
		1.
		4.
		209.3367156982422
		1972.043579101563
		22150.13967186301
		-1825.247158959286
		-2.331820176939439
		0.07744282401001623

# Mon 11:05:47 05-Jun-2017
begin	identify wrgnN20100401S0137[SCI,26][*,45]
	id	wrgnN20100401S0137[SCI,26]
	task	identify
	image	wrgnN20100401S0137[SCI,26][*,45]
	units	Angstroms
	features	22
	        187.58 24019.7115   24019.77   2.0 1 1 17   KH
	        210.23  23973.037   23973.05   2.0 1 1 766   KH
	        269.13 23851.6429   23851.54   2.0 1 1 1769   KH
	        614.35 23139.3009 23139.5098   2.0 1 1 
	        692.25 22978.3898   22978.36   2.0 1 1 54   KH
	        904.12 22540.3568   22539.74   2.0 1 1 9   KH
	       1039.39 22260.4303   22260.93   2.0 1 1 11   KH
	       1060.86 22215.9791   22215.73   2.0 1 1 10   KH
	       1107.89  22118.587   22118.65   2.0 1 1 68   KH
	       1125.05 22083.0607   22083.21   2.0 1 1 10   KH
	       1143.17 22045.5142   22045.57   2.0 1 1 259   KH
	       1273.50 21775.4506   21770.25   2.0 1 0 19   KH
	       1320.72 21677.5601   21675.89   2.0 1 0 21   KH
	       1387.04 21540.0052   21540.08   2.0 1 1 12   KH
	       1484.09 21338.6509    21338.7   2.0 1 1 832   KH
	       1627.13 21041.6531   21041.57   2.0 1 1 68   KH
	       1651.12 20991.8062   20991.83   2.0 1 1 12   KH
	       1735.34 20816.8068   20816.71   2.0 1 1 42   KH
	       1772.56 20739.4195    20739.3   2.0 1 1 21   KH
	       1814.17 20652.9167    20652.8   2.0 1 1 140   KH
	       1829.13  20621.805    20621.9   2.0 1 1 2 NOAO
	       1972.99 20322.4761    20322.6   2.0 1 1 2 NOAO
	function chebyshev
	order 4
	sample *
	naverage 1
	niterate 10
	low_reject 3.
	high_reject 3.
	grow 0.
	coefficients	8
		1.
		4.
		187.5824737548828
		1972.993896484375
		22173.42216643396
		-1848.590051915335
		-2.328348857083728
		-0.02764317785298043

# Mon 11:05:47 05-Jun-2017
begin	identify wrgnN20100401S0137[SCI,26][*,55]
	id	wrgnN20100401S0137[SCI,26]
	task	identify
	image	wrgnN20100401S0137[SCI,26][*,55]
	units	Angstroms
	features	21
	        187.85 24019.7848   24019.77   2.0 1 1 17   KH
	        210.55   23972.98   23973.05   2.0 1 1 766   KH
	        269.39 23851.6636   23851.54   2.0 1 1 1769   KH
	        614.66 23139.1319 23139.5098   2.0 1 1 
	        692.49 22978.3656   22978.36   2.0 1 1 54   KH
	        904.30 22540.5162   22539.74   2.0 1 1 9   KH
	       1039.54 22260.6715   22260.93   2.0 1 1 11   KH
	       1108.08 22118.7933   22118.65   2.0 1 1 10   KH
	       1125.27 22083.1931   22083.21   2.0 1 1 68   KH
	       1143.49 22045.4509   22045.57   2.0 1 1 10   KH
	       1272.80 21777.5327   21770.25   2.0 1 0 259   KH
	       1322.16 21675.2089   21675.89   2.0 1 1 19   KH
	       1387.22  21540.294   21540.08   2.0 1 1 21   KH
	       1484.34 21338.7939    21338.7   2.0 1 1 12   KH
	       1627.47 21041.6038   21041.57   2.0 1 1 832   KH
	       1651.40 20991.8783   20991.83   2.0 1 1 68   KH
	       1735.65 20816.7835   20816.71   2.0 1 1 12   KH
	       1772.86 20739.4208    20739.3   2.0 1 1 42   KH
	       1814.49 20652.8426    20652.8   2.0 1 1 21   KH
	       1829.40 20621.8288    20621.9   2.0 1 1 140   KH
	       1973.21 20322.5043    20322.6   2.0 1 1 2 NOAO
	function chebyshev
	order 4
	sample *
	naverage 1
	niterate 10
	low_reject 3.
	high_reject 3.
	grow 0.
	coefficients	8
		1.
		4.
		187.8503570556641
		1973.213745117188
		22173.48371088406
		-1848.524806476303
		-2.339173671209395
		-0.115480316056787

# Mon 11:05:47 05-Jun-2017
begin	identify wrgnN20100401S0137[SCI,26][*,65]
	id	wrgnN20100401S0137[SCI,26]
	task	identify
	image	wrgnN20100401S0137[SCI,26][*,65]
	units	Angstroms
	features	18
	        188.00 24019.8932   24019.77   2.0 1 1 17   KH
	        210.78 23972.9218   23973.05   2.0 1 1 766   KH
	        269.65 23851.5153   23851.54   2.0 1 1 1769   KH
	        614.87 23139.0125 23139.5098   2.0 1 1 
	        692.27 22979.1057   22978.36   2.0 1 1 54   KH
	       1108.18 22118.8517   22118.65   2.0 1 1 9   KH
	       1125.51  22082.974   22083.21   2.0 1 1 11   KH
	       1143.72 22045.2547   22045.57   2.0 1 1 10   KH
	       1322.71 21674.3805   21675.89   2.0 1 0 68   KH
	       1387.51 21540.0204   21540.08   2.0 1 1 10   KH
	       1484.57 21338.6501    21338.7   2.0 1 1 259   KH
	       1627.51 21041.9016   21041.57   2.0 1 1 19   KH
	       1651.64 20991.7619   20991.83   2.0 1 1 21   KH
	       1735.86 20816.7623   20816.71   2.0 1 1 12   KH
	       1773.01 20739.5235    20739.3   2.0 1 1 832   KH
	       1814.75 20652.7352    20652.8   2.0 1 1 68   KH
	       1829.66 20621.7273    20621.9   2.0 1 1 12   KH
	       1973.43 20322.5387    20322.6   2.0 1 1 42   KH
	function chebyshev
	order 4
	sample *
	naverage 1
	niterate 10
	low_reject 3.
	high_reject 3.
	grow 0.
	coefficients	8
		1.
		4.
		187.9966430664063
		1973.431762695312
		22173.47186302012
		-1848.5552557623
		-2.255935063412302
		-0.1219686409351861

