# Mon 11:05:43 05-Jun-2017
begin	identify wrgnN20100401S0137[SCI,9][*,35]
	id	wrgnN20100401S0137[SCI,9]
	task	identify
	image	wrgnN20100401S0137[SCI,9][*,35]
	units	Angstrom
	features	24
	        231.10 24019.7036   24019.77   2.0 1 1 17   KH
	        253.87 23972.7692   23973.05   2.0 1 1 766   KH
	        283.42 23911.8574    23911.2   2.0 1 1 14   KH
	        312.73 23851.4278   23851.54   2.0 1 1 766   KH
	        343.67 23787.6451 23787.7891   2.0 1 1 14   KH
	        657.88 23139.1827   23139.51   2.0 1 1 412   KH
	        947.55 22540.4081   22539.74   2.0 1 1 9   KH
	       1082.58 22260.9592   22260.93   2.0 1 1 11   KH
	       1104.53 22215.4995   22215.73   2.0 1 1 10   KH
	       1151.16 22118.9238   22118.65   2.0 1 1 68   KH
	       1168.32 22083.3763 22083.2109   2.0 1 1 412   KH
	       1186.52 22045.6776   22045.57   2.0 1 1 9   KH
	       1234.51  21946.249   21947.81   2.0 1 1 19   KH
	       1364.35 21677.0386   21675.89   2.0 1 1 12   KH
	       1430.26 21540.2987   21540.08   2.0 1 1 832   KH
	       1527.27 21338.9451    21338.7   2.0 1 1 10   KH
	       1574.27 21241.3255   21242.79   2.0 1 1 12   KH
	       1670.29 21041.8197 21041.5703   2.0 1 1 
	       1694.26 20992.0001   20991.83   2.0 1 1 412   KH
	       1778.46 20816.9157 20816.7109   2.0 1 1 9   KH
	       1815.72 20739.3906    20739.3   2.0 1 1 19   KH
	       1857.27 20652.9354 20652.8008   2.0 1 1 12   KH
	       1872.19 20621.8635    20621.9   2.0 1 1 832   KH
	       2015.96 20322.4598    20322.6   2.0 1 1 10   KH
	function chebyshev
	order 4
	sample *
	naverage 1
	niterate 10
	low_reject 3.
	high_reject 3.
	grow 0.
	coefficients	8
		1.
		4.
		231.1026611328125
		2015.956787109375
		22173.62058391555
		-1848.518641406155
		-2.53886336670157
		-0.1032692049122083

# Mon 11:05:43 05-Jun-2017
begin	identify wrgnN20100401S0137[SCI,9][*,25]
	id	wrgnN20100401S0137[SCI,9]
	task	identify
	image	wrgnN20100401S0137[SCI,9][*,25]
	units	Angstroms
	features	21
	        231.57 24019.4752   24019.77   2.0 1 1 17   KH
	        254.10 23973.0327   23973.05   2.0 1 1 766   KH
	        313.00 23851.5931   23851.54   2.0 1 1 14   KH
	        343.73 23788.2156 23787.7891   2.0 1 1 766   KH
	        658.10 23139.2817   23139.51   2.0 1 1 14   KH
	        947.93 22540.0077   22539.74   2.0 1 1 412   KH
	       1082.87 22260.6757   22260.93   2.0 1 1 9   KH
	       1104.54 22215.7878   22215.73   2.0 1 1 11   KH
	       1151.37  22118.774   22118.65   2.0 1 1 10   KH
	       1168.65 22082.9711 22083.2109   2.0 1 1 68   KH
	       1186.82 22045.3214   22045.57   2.0 1 1 412   KH
	       1364.72 21676.5032   21675.89   2.0 1 1 9   KH
	       1430.54 21539.9496   21540.08   2.0 1 1 19   KH
	       1527.55  21338.565    21338.7   2.0 1 1 12   KH
	       1670.47  21041.691 21041.5703   2.0 1 1 832   KH
	       1694.52  20991.704   20991.83   2.0 1 1 10   KH
	       1778.73 20816.6433 20816.7109   2.0 1 1 12   KH
	       1815.88 20739.3687    20739.3   2.0 1 1 
	       1857.46 20652.8729 20652.8008   2.0 1 1 412   KH
	       1872.36 20621.8726    20621.9   2.0 1 1 9   KH
	       2016.14 20322.5655    20322.6   2.0 1 1 19   KH
	function chebyshev
	order 4
	sample *
	naverage 1
	niterate 10
	low_reject 3.
	high_reject 3.
	grow 0.
	coefficients	8
		1.
		4.
		231.5682525634766
		2016.142822265625
		22173.39937239644
		-1848.412607137813
		-2.378997215810313
		-0.04224730656969007

# Mon 11:05:43 05-Jun-2017
begin	identify wrgnN20100401S0137[SCI,9][*,15]
	id	wrgnN20100401S0137[SCI,9]
	task	identify
	image	wrgnN20100401S0137[SCI,9][*,15]
	units	Angstroms
	features	21
	        231.37 24020.3194   24019.77   2.0 1 1 17   KH
	        254.29 23973.0967   23973.05   2.0 1 1 766   KH
	        313.12 23851.8159   23851.54   2.0 1 1 14   KH
	        344.70   23786.71 23787.7891   2.0 1 1 766   KH
	        658.32 23139.3684   23139.51   2.0 1 1 14   KH
	        947.98 22540.3889   22539.74   2.0 1 1 412   KH
	       1082.90 22261.0236   22260.93   2.0 1 1 9   KH
	       1104.87 22215.5236   22215.73   2.0 1 1 11   KH
	       1151.58 22118.7485   22118.65   2.0 1 1 10   KH
	       1168.85 22082.9729 22083.2109   2.0 1 1 68   KH
	       1186.97 22045.4184   22045.57   2.0 1 1 412   KH
	       1364.90 21676.4683   21675.89   2.0 1 1 9   KH
	       1430.66 21540.0373   21540.08   2.0 1 1 19   KH
	       1527.76 21338.4746    21338.7   2.0 1 1 12   KH
	       1670.83 21041.3129 21041.5703   2.0 1 1 832   KH
	       1694.75 20991.6113   20991.83   2.0 1 1 10   KH
	       1778.87 20816.7609 20816.7109   2.0 1 1 12   KH
	       1816.01 20739.5425    20739.3   2.0 1 1 
	       1857.75 20652.7545 20652.8008   2.0 1 1 412   KH
	       1872.66 20621.7451    20621.9   2.0 1 1 9   KH
	       2016.35 20322.7783    20322.6   2.0 1 1 19   KH
	function chebyshev
	order 4
	sample *
	naverage 1
	niterate 10
	low_reject 3.
	high_reject 3.
	grow 0.
	coefficients	8
		1.
		4.
		231.3690795898437
		2016.3466796875
		22173.8688157629
		-1848.831749530824
		-2.319954950581308
		0.06122312339157382

# Mon 11:05:43 05-Jun-2017
begin	identify wrgnN20100401S0137[SCI,9][*,5]
	id	wrgnN20100401S0137[SCI,9]
	task	identify
	image	wrgnN20100401S0137[SCI,9][*,5]
	units	Angstroms
	features	21
	        231.75 24019.7615   24019.77   2.0 1 1 17   KH
	        254.58 23972.6691   23973.05   2.0 1 1 766   KH
	        313.40 23851.2977   23851.54   2.0 1 1 14   KH
	        343.70 23788.7678 23787.7891   2.0 1 1 766   KH
	        658.56 23138.6124   23139.51   2.0 1 1 14   KH
	        947.53 22541.1631   22539.74   2.0 1 1 412   KH
	       1082.85 22261.1006   22260.93   2.0 1 1 9   KH
	       1105.02 22215.1981   22215.73   2.0 1 1 11   KH
	       1151.83 22118.2706   22118.65   2.0 1 1 10   KH
	       1168.99 22082.7407 22083.2109   2.0 1 1 68   KH
	       1187.11 22045.2006   22045.57   2.0 1 1 412   KH
	       1364.69 21677.1661   21675.89   2.0 1 1 9   KH
	       1430.92 21539.8015   21540.08   2.0 1 1 19   KH
	       1527.92 21338.5099    21338.7   2.0 1 1 12   KH
	       1671.07 21041.2552 21041.5703   2.0 1 1 832   KH
	       1694.91 20991.7154   20991.83   2.0 1 1 10   KH
	       1779.05 20816.8112 20816.7109   2.0 1 1 12   KH
	       1816.14 20739.6917    20739.3   2.0 1 1 
	       1857.89 20652.8475 20652.8008   2.0 1 1 412   KH
	       1872.84 20621.7465    20621.9   2.0 1 1 9   KH
	       2016.57 20322.5447    20322.6   2.0 1 1 19   KH
	function chebyshev
	order 4
	sample *
	naverage 1
	niterate 10
	low_reject 3.
	high_reject 3.
	grow 0.
	coefficients	8
		1.
		4.
		231.7500915527344
		2016.5693359375
		22173.36414440604
		-1848.448565112563
		-2.211034826057106
		-0.1598670457941921

# Mon 11:05:43 05-Jun-2017
begin	identify wrgnN20100401S0137[SCI,9][*,45]
	id	wrgnN20100401S0137[SCI,9]
	task	identify
	image	wrgnN20100401S0137[SCI,9][*,45]
	units	Angstroms
	features	19
	        253.64 23972.8944   23973.05   2.0 1 1 17   KH
	        312.46 23851.7291   23851.54   2.0 1 1 766   KH
	        657.65 23139.4742   23139.51   2.0 1 1 14   KH
	        946.98 22541.1603   22539.74   2.0 1 0 766   KH
	       1082.27 22261.0227   22260.93   2.0 1 1 14   KH
	       1104.21  22215.552   22215.73   2.0 1 1 412   KH
	       1150.93  22118.744   22118.65   2.0 1 1 9   KH
	       1168.08 22083.2123 22083.2109   2.0 1 1 11   KH
	       1186.22 22045.6102   22045.57   2.0 1 1 10   KH
	       1364.47 21675.9518   21675.89   2.0 1 1 68   KH
	       1430.01 21539.9471   21540.08   2.0 1 1 412   KH
	       1527.01  21338.573    21338.7   2.0 1 1 9   KH
	       1669.90 21041.7745 21041.5703   2.0 1 1 19   KH
	       1694.01 20991.6728   20991.83   2.0 1 1 12   KH
	       1778.14 20816.8203 20816.7109   2.0 1 1 832   KH
	       1815.35 20739.4677    20739.3   2.0 1 1 10   KH
	       1857.02 20652.8123 20652.8008   2.0 1 1 12   KH
	       1871.96 20621.7518    20621.9   2.0 1 1 
	       2015.79 20322.5626    20322.6   2.0 1 1 412   KH
	function chebyshev
	order 4
	sample *
	naverage 1
	niterate 10
	low_reject 3.
	high_reject 3.
	grow 0.
	coefficients	8
		1.
		4.
		253.6440124511718
		2015.7890625
		22150.03929459962
		-1825.311132942759
		-2.310799869456668
		0.1452118771590125

# Mon 11:05:43 05-Jun-2017
begin	identify wrgnN20100401S0137[SCI,9][*,55]
	id	wrgnN20100401S0137[SCI,9]
	task	identify
	image	wrgnN20100401S0137[SCI,9][*,55]
	units	Angstroms
	features	19
	        253.32 23972.9347   23973.05   2.0 1 1 17   KH
	        312.19 23851.6467   23851.54   2.0 1 1 766   KH
	        657.34  23139.537   23139.51   2.0 1 1 14   KH
	        947.41  22539.835   22539.74   2.0 1 1 766   KH
	       1082.03 22261.1531   22260.93   2.0 1 1 14   KH
	       1104.17 22215.3128   22215.73   2.0 1 1 412   KH
	       1150.76 22118.7956   22118.65   2.0 1 1 9   KH
	       1167.92 22083.2291 22083.2109   2.0 1 1 11   KH
	       1186.05 22045.6625   22045.57   2.0 1 1 10   KH
	       1364.58 21675.4923   21675.89   2.0 1 1 68   KH
	       1429.85 21540.0694   21540.08   2.0 1 1 412   KH
	       1526.86 21338.6918    21338.7   2.0 1 1 9   KH
	       1669.81 21041.7319 21041.5703   2.0 1 1 19   KH
	       1693.84 20991.7874   20991.83   2.0 1 1 12   KH
	       1777.99 20816.8498 20816.7109   2.0 1 1 832   KH
	       1815.13 20739.6152    20739.3   2.0 1 1 10   KH
	       1856.88 20652.7689 20652.8008   2.0 1 1 12   KH
	       1871.81 20621.7114    20621.9   2.0 1 1 
	       2015.57 20322.4882    20322.6   2.0 1 1 412   KH
	function chebyshev
	order 4
	sample *
	naverage 1
	niterate 10
	low_reject 3.
	high_reject 3.
	grow 0.
	coefficients	8
		1.
		4.
		253.3232879638672
		2015.572509765625
		22150.14878255009
		-1825.264778896185
		-2.437286956122632
		0.04152926782762135

# Mon 11:05:43 05-Jun-2017
begin	identify wrgnN20100401S0137[SCI,9][*,65]
	id	wrgnN20100401S0137[SCI,9]
	task	identify
	image	wrgnN20100401S0137[SCI,9][*,65]
	units	Angstroms
	features	16
	        253.13 23972.9831   23973.05   2.0 1 1 17   KH
	        312.03 23851.6074   23851.54   2.0 1 1 766   KH
	        657.14 23139.5216   23139.51   2.0 1 1 14   KH
	       1103.61 22215.9814   22215.73   2.0 1 1 766   KH
	       1150.63 22118.5768   22118.65   2.0 1 1 14   KH
	       1167.76  22083.083 22083.2109   2.0 1 1 412   KH
	       1185.91 22045.4864   22045.57   2.0 1 1 9   KH
	       1429.66 21540.0111   21540.08   2.0 1 1 11   KH
	       1526.68 21338.6239    21338.7   2.0 1 1 10   KH
	       1669.66 21041.6244 21041.5703   2.0 1 1 68   KH
	       1693.57 20991.9554   20991.83   2.0 1 1 412   KH
	       1777.80 20816.8621 20816.7109   2.0 1 1 9   KH
	       1814.97 20739.5754    20739.3   2.0 1 1 19   KH
	       1856.86 20652.4687 20652.8008   2.0 1 1 12   KH
	       1871.62 20621.7552    20621.9   2.0 1 1 832   KH
	       2015.37  20322.637    20322.6   2.0 1 1 10   KH
	function chebyshev
	order 4
	sample *
	naverage 1
	niterate 10
	low_reject 3.
	high_reject 3.
	grow 0.
	coefficients	8
		1.
		4.
		253.1280212402344
		2015.368530273437
		22150.16684030437
		-1825.228499234486
		-2.356768800834707
		0.05544983367700019

