# Mon 11:05:42 05-Jun-2017
begin	identify wrgnN20100401S0137[SCI,6][*,35]
	id	wrgnN20100401S0137[SCI,6]
	task	identify
	image	wrgnN20100401S0137[SCI,6][*,35]
	units	Angstrom
	features	25
	        232.32 24019.5603   24019.77   2.0 1 1 17   KH
	        255.12 23972.6122   23973.05   2.0 1 1 766   KH
	        284.61 23911.8844    23911.2   2.0 1 1 14   KH
	        314.00 23851.3169   23851.54   2.0 1 1 1769   KH
	        344.61  23788.253   23787.79   2.0 1 1 10   KH
	        659.14 23139.2832   23139.51   2.0 1 1 412   KH
	        737.24 22977.9236   22978.36   2.0 1 1 54   KH
	        950.96 22535.9483   22539.74   2.0 1 0 9   KH
	       1083.51 22261.5228   22260.93   2.0 1 1 9   KH
	       1104.71 22217.6067   22215.73   2.0 1 0 10   KH
	       1152.55 22118.5031   22118.65   2.0 1 1 68   KH
	       1169.67 22083.0316   22083.21   2.0 1 1 10   KH
	       1187.84 22045.3797   22045.57   2.0 1 1 10   KH
	       1234.47  21948.729   21947.81   2.0 1 1 1769   KH
	       1320.82 21769.6677   21770.25   2.0 1 1 21   KH
	       1365.86 21676.2519   21675.89   2.0 1 1 19   KH
	       1431.61 21539.8356   21540.08   2.0 1 1 21   KH
	       1528.58 21338.5576    21338.7   2.0 1 1 12   KH
	       1671.53  21041.642 21041.5703   2.0 1 1 9   KH
	       1695.58 20991.6646   20991.83   2.0 1 1 11   KH
	       1779.75 20816.7432 20816.7109   2.0 1 1 10   KH
	       1816.98 20739.3413 20739.3008   2.0 1 1 
	       1858.58 20652.8444    20652.8   2.0 1 1 54   KH
	       1873.51  20621.784    20621.9   2.0 1 1 9   KH
	       2017.29 20322.6899    20322.6   2.0 1 1 21   KH
	function chebyshev
	order 4
	sample *
	naverage 1
	niterate 10
	low_reject 3.
	high_reject 3.
	grow 0.
	coefficients	8
		1.
		4.
		232.3248901367187
		2017.28857421875
		22173.55208792314
		-1848.555286672293
		-2.426999632363918
		0.1200923091232531

# Mon 11:05:42 05-Jun-2017
begin	identify wrgnN20100401S0137[SCI,6][*,25]
	id	wrgnN20100401S0137[SCI,6]
	task	identify
	image	wrgnN20100401S0137[SCI,6][*,25]
	units	Angstroms
	features	21
	        232.91 24019.4291   24019.77   2.0 1 1 17   KH
	        255.48 23972.9416   23973.05   2.0 1 1 766   KH
	        284.74 23912.6704    23911.2   2.0 1 0 14   KH
	        314.31   23851.77   23851.54   2.0 1 1 1769   KH
	        345.16  23788.196   23787.79   2.0 1 1 10   KH
	        659.52 23139.5575   23139.51   2.0 1 1 412   KH
	        737.66 22978.0977   22978.36   2.0 1 1 54   KH
	       1106.32 22215.2106   22215.73   2.0 1 1 9   KH
	       1152.82 22118.8475   22118.65   2.0 1 1 9   KH
	       1169.99 22083.2682   22083.21   2.0 1 1 10   KH
	       1188.12 22045.6879   22045.57   2.0 1 1 68   KH
	       1366.22 21676.3336   21675.89   2.0 1 1 10   KH
	       1431.92 21539.9941   21540.08   2.0 1 1 10   KH
	       1528.93 21338.5931    21338.7   2.0 1 1 1769   KH
	       1671.91 21041.5677 21041.5703   2.0 1 1 21   KH
	       1695.93 20991.6538   20991.83   2.0 1 1 19   KH
	       1780.04  20816.801 20816.7109   2.0 1 1 21   KH
	       1817.23 20739.4726 20739.3008   2.0 1 1 12   KH
	       1858.92  20652.783    20652.8   2.0 1 1 9   KH
	       1873.86 20621.7152    20621.9   2.0 1 1 11   KH
	       2017.60  20322.642    20322.6   2.0 1 1 10   KH
	function chebyshev
	order 4
	sample *
	naverage 1
	niterate 10
	low_reject 3.
	high_reject 3.
	grow 0.
	coefficients	8
		1.
		4.
		232.9053344726562
		2017.600219726563
		22173.5086748408
		-1848.535888570952
		-2.473122719412756
		0.1423191601876325

# Mon 11:05:42 05-Jun-2017
begin	identify wrgnN20100401S0137[SCI,6][*,15]
	id	wrgnN20100401S0137[SCI,6]
	task	identify
	image	wrgnN20100401S0137[SCI,6][*,15]
	units	Angstroms
	features	21
	        232.75 24020.2591   24019.77   2.0 1 1 17   KH
	        255.80 23972.8031   23973.05   2.0 1 1 766   KH
	        284.82 23913.0453    23911.2   2.0 1 0 14   KH
	        314.66 23851.5755   23851.54   2.0 1 1 1769   KH
	        345.79  23787.429   23787.79   2.0 1 1 10   KH
	        659.82 23139.4779   23139.51   2.0 1 1 412   KH
	        737.81 22978.3291   22978.36   2.0 1 1 54   KH
	       1106.17 22215.9499   22215.73   2.0 1 1 9   KH
	       1153.06 22118.7948   22118.65   2.0 1 1 9   KH
	       1170.20 22083.2634   22083.21   2.0 1 1 10   KH
	       1188.41 22045.5148   22045.57   2.0 1 1 68   KH
	       1365.95 21677.2816   21675.89   2.0 1 0 10   KH
	       1432.11 21539.9799   21540.08   2.0 1 1 10   KH
	       1529.12 21338.5774    21338.7   2.0 1 1 1769   KH
	       1672.05 21041.6629 21041.5703   2.0 1 1 21   KH
	       1696.11 20991.6743   20991.83   2.0 1 1 19   KH
	       1780.25 20816.7857 20816.7109   2.0 1 1 21   KH
	       1817.53 20739.2775 20739.3008   2.0 1 1 12   KH
	       1859.11 20652.8311    20652.8   2.0 1 1 9   KH
	       1874.04 20621.7727    20621.9   2.0 1 1 11   KH
	       2017.82 20322.7139    20322.6   2.0 1 1 10   KH
	function chebyshev
	order 4
	sample *
	naverage 1
	niterate 10
	low_reject 3.
	high_reject 3.
	grow 0.
	coefficients	8
		1.
		4.
		232.7495880126953
		2017.823364257812
		22173.91635599326
		-1848.975015100728
		-2.429820501824567
		0.2024121237304171

# Mon 11:05:42 05-Jun-2017
begin	identify wrgnN20100401S0137[SCI,6][*,5]
	id	wrgnN20100401S0137[SCI,6]
	task	identify
	image	wrgnN20100401S0137[SCI,6][*,5]
	units	Angstroms
	features	19
	        233.40 24019.6433   24019.77   2.0 1 1 17   KH
	        256.05  23972.973   23973.05   2.0 1 1 766   KH
	        285.90 23911.4383    23911.2   2.0 1 1 14   KH
	        314.96 23851.5245   23851.54   2.0 1 1 1769   KH
	        660.08 23139.2957   23139.51   2.0 1 1 10   KH
	        737.83  22978.653   22978.36   2.0 1 1 412   KH
	       1153.38 22118.8082   22118.65   2.0 1 1 54   KH
	       1170.64  22083.043   22083.21   2.0 1 1 9   KH
	       1188.81 22045.3967   22045.57   2.0 1 1 9   KH
	       1366.61  21676.777   21675.89   2.0 1 0 10   KH
	       1432.51 21540.0551   21540.08   2.0 1 1 68   KH
	       1529.52 21338.6708    21338.7   2.0 1 1 10   KH
	       1672.41 21041.8255 21041.5703   2.0 1 1 10   KH
	       1696.50 20991.7512   20991.83   2.0 1 1 1769   KH
	       1780.70 20816.6769 20816.7109   2.0 1 1 21   KH
	       1817.83 20739.4472 20739.3008   2.0 1 1 19   KH
	       1859.46 20652.8139    20652.8   2.0 1 1 21   KH
	       1874.38 20621.7781    20621.9   2.0 1 1 12   KH
	       2018.09 20322.5578    20322.6   2.0 1 1 9   KH
	function chebyshev
	order 4
	sample *
	naverage 1
	niterate 10
	low_reject 3.
	high_reject 3.
	grow 0.
	coefficients	8
		1.
		4.
		233.4020690917969
		2018.0908203125
		22173.57729541252
		-1848.497021689814
		-2.476740765703915
		-0.04576013468877063

# Mon 11:05:42 05-Jun-2017
begin	identify wrgnN20100401S0137[SCI,6][*,45]
	id	wrgnN20100401S0137[SCI,6]
	task	identify
	image	wrgnN20100401S0137[SCI,6][*,45]
	units	Angstroms
	features	22
	        254.85 23972.3586   23973.05   2.0 1 1 17   KH
	        284.13 23912.0984    23911.2   2.0 1 1 766   KH
	        313.72 23851.1891   23851.54   2.0 1 1 14   KH
	        344.41  23788.001   23787.79   2.0 1 1 1769   KH
	        658.86 23139.4487   23139.51   2.0 1 1 10   KH
	        736.74 22978.5349   22978.36   2.0 1 1 412   KH
	       1083.98 22260.0493   22260.93   2.0 1 1 54   KH
	       1152.09  22118.905   22118.65   2.0 1 1 9   KH
	       1169.29 22083.2587   22083.21   2.0 1 1 9   KH
	       1187.53 22045.4579   22045.57   2.0 1 1 10   KH
	       1236.67 21943.5746   21947.81   2.0 1 0 68   KH
	       1321.47 21767.6959   21770.25   2.0 1 0 10   KH
	       1365.26 21676.8417   21675.89   2.0 1 1 10   KH
	       1431.20 21540.0061   21540.08   2.0 1 1 1769   KH
	       1528.21 21338.6034    21338.7   2.0 1 1 21   KH
	       1671.27 21041.4328 21041.5703   2.0 1 1 19   KH
	       1695.21 20991.6826   20991.83   2.0 1 1 21   KH
	       1779.41 20816.6926 20816.7109   2.0 1 1 12   KH
	       1816.64  20739.289 20739.3008   2.0 1 1 9   KH
	       1858.22 20652.8507    20652.8   2.0 1 1 11   KH
	       1873.16 20621.7776    20621.9   2.0 1 1 10   KH
	       2016.97 20322.7141    20322.6   2.0 1 1 
	function chebyshev
	order 4
	sample *
	naverage 1
	niterate 10
	low_reject 3.
	high_reject 3.
	grow 0.
	coefficients	8
		1.
		4.
		254.854248046875
		2016.9677734375
		22149.98902468359
		-1825.07060239653
		-2.452669332575728
		0.2483090998877286

# Mon 11:05:42 05-Jun-2017
begin	identify wrgnN20100401S0137[SCI,6][*,55]
	id	wrgnN20100401S0137[SCI,6]
	task	identify
	image	wrgnN20100401S0137[SCI,6][*,55]
	units	Angstroms
	features	22
	        254.39 23972.5486   23973.05   2.0 1 1 17   KH
	        284.03 23911.4737    23911.2   2.0 1 1 766   KH
	        313.32 23851.1334   23851.54   2.0 1 1 14   KH
	        343.61 23788.6965   23787.79   2.0 1 1 1769   KH
	        658.43 23139.1636   23139.51   2.0 1 1 10   KH
	        736.34 22978.2318   22978.36   2.0 1 1 412   KH
	       1082.88 22261.4044   22260.93   2.0 1 1 54   KH
	       1151.85  22118.553   22118.65   2.0 1 1 9   KH
	       1168.98 22083.0657   22083.21   2.0 1 1 9   KH
	       1187.11 22045.5087   22045.57   2.0 1 1 10   KH
	       1237.07 21941.9825   21947.81   2.0 1 0 68   KH
	       1320.02 21770.0066   21770.25   2.0 1 1 10   KH
	       1365.19   21676.35   21675.89   2.0 1 1 10   KH
	       1430.93 21539.9706   21540.08   2.0 1 1 1769   KH
	       1527.88 21338.7416    21338.7   2.0 1 1 21   KH
	       1671.03 21041.4373 21041.5703   2.0 1 1 19   KH
	       1694.94 20991.7606   20991.83   2.0 1 1 21   KH
	       1779.06 20816.9157 20816.7109   2.0 1 1 12   KH
	       1816.45 20739.1748 20739.3008   2.0 1 1 9   KH
	       1857.96 20652.8575    20652.8   2.0 1 1 11   KH
	       1872.90  20621.786    20621.9   2.0 1 1 10   KH
	       2016.65 20322.6621    20322.6   2.0 1 1 
	function chebyshev
	order 4
	sample *
	naverage 1
	niterate 10
	low_reject 3.
	high_reject 3.
	grow 0.
	coefficients	8
		1.
		4.
		254.3857421875
		2016.651977539063
		22149.99650669786
		-1824.988202489439
		-2.391162450932708
		0.04496952842063834

# Mon 11:05:42 05-Jun-2017
begin	identify wrgnN20100401S0137[SCI,6][*,65]
	id	wrgnN20100401S0137[SCI,6]
	task	identify
	image	wrgnN20100401S0137[SCI,6][*,65]
	units	Angstroms
	features	19
	        254.10 23973.0213   23973.05   2.0 1 1 17   KH
	        312.98 23851.6384   23851.54   2.0 1 1 766   KH
	        658.10 23139.4436   23139.51   2.0 1 1 14   KH
	        736.16  22978.145   22978.36   2.0 1 1 1769   KH
	       1082.64 22261.3817   22260.93   2.0 1 1 10   KH
	       1151.50 22118.7718   22118.65   2.0 1 1 412   KH
	       1168.73 22083.0784   22083.21   2.0 1 1 54   KH
	       1186.88 22045.4604   22045.57   2.0 1 1 9   KH
	       1318.03  21773.626   21770.25   2.0 1 0 9   KH
	       1364.45 21677.3584   21675.89   2.0 1 0 10   KH
	       1430.62 21540.0744   21540.08   2.0 1 1 68   KH
	       1527.65 21338.6819    21338.7   2.0 1 1 10   KH
	       1670.85 21041.2677 21041.5703   2.0 1 1 10   KH
	       1694.68  20991.742   20991.83   2.0 1 1 1769   KH
	       1778.83 20816.8131 20816.7109   2.0 1 1 21   KH
	       1815.99 20739.5525 20739.3008   2.0 1 1 19   KH
	       1857.67 20652.8552    20652.8   2.0 1 1 21   KH
	       1872.60 20621.7983    20621.9   2.0 1 1 12   KH
	       2016.36 20322.5865    20322.6   2.0 1 1 9   KH
	function chebyshev
	order 4
	sample *
	naverage 1
	niterate 10
	low_reject 3.
	high_reject 3.
	grow 0.
	coefficients	8
		1.
		4.
		254.0970916748047
		2016.362548828125
		22150.13897337715
		-1825.205987545263
		-2.335112641162147
		-0.01141364546203406

