# Mon 11:05:46 05-Jun-2017
begin	identify wrgnN20100401S0137[SCI,25][*,35]
	id	wrgnN20100401S0137[SCI,25]
	task	identify
	image	wrgnN20100401S0137[SCI,25][*,35]
	units	Angstrom
	features	24
	        191.73 24019.3545   24019.77   2.0 1 1 17   KH
	        214.35  23972.737   23973.05   2.0 1 1 766   KH
	        243.66 23912.3345    23911.2   2.0 1 1 14   KH
	        273.22 23851.4007   23851.54   2.0 1 1 1769   KH
	        304.18 23787.5784   23787.79   2.0 1 1 10   KH
	        618.47 23139.0863 23139.5098   2.0 1 1 1769   KH
	        695.89  22979.166   22978.36   2.0 1 1 54   KH
	        908.77 22539.0898   22539.74   2.0 1 1 9   KH
	       1043.30 22260.7157 22260.9297   2.0 1 1 10   KH
	       1111.91 22118.6508 22118.6504   2.0 1 1 54   KH
	       1129.10 22083.0592   22083.21   2.0 1 1 9   KH
	       1147.28 22045.4085   22045.57   2.0 1 1 
	       1192.31 21952.1234   21947.81   2.0 1 0 19   KH
	       1324.74 21677.6474   21675.89   2.0 1 1 12   KH
	       1391.09 21540.0369   21540.08   2.0 1 1 12   KH
	       1488.13 21338.6852 21338.6992   2.0 1 1 54   KH
	       1535.00 21241.4079   21242.79   2.0 1 1 9   KH
	       1631.15 21041.7384 21041.5703   2.0 1 1 12   KH
	       1655.19 20991.7969   20991.83   2.0 1 1 
	       1739.37 20816.8584 20816.7109   2.0 1 1 19   KH
	       1776.59 20739.4784 20739.3008   2.0 1 1 12   KH
	       1818.26 20652.8472    20652.8   2.0 1 1 2 NOAO
	       1833.18  20621.816    20621.9   2.0 1 1 1321   KH
	       1976.98 20322.5968    20322.6   2.0 1 1 12   KH
	function chebyshev
	order 4
	sample *
	naverage 1
	niterate 10
	low_reject 3.
	high_reject 3.
	grow 0.
	coefficients	8
		1.
		4.
		191.7276153564453
		1976.980834960937
		22173.34637763802
		-1848.343181531895
		-2.370721896031639
		-0.03566430928739579

# Mon 11:05:46 05-Jun-2017
begin	identify wrgnN20100401S0137[SCI,25][*,25]
	id	wrgnN20100401S0137[SCI,25]
	task	identify
	image	wrgnN20100401S0137[SCI,25][*,25]
	units	Angstroms
	features	22
	        191.76 24019.2992   24019.77   2.0 1 1 17   KH
	        214.08 23973.2777   23973.05   2.0 1 1 766   KH
	        244.13 23911.3402    23911.2   2.0 1 1 14   KH
	        273.02 23851.7805   23851.54   2.0 1 1 1769   KH
	        303.36 23789.2058   23787.79   2.0 1 0 10   KH
	        618.18 23139.4324 23139.5098   2.0 1 1 1769   KH
	        696.33 22977.9656   22978.36   2.0 1 1 54   KH
	        908.01  22540.276   22539.74   2.0 1 1 9   KH
	       1042.90 22261.0993 22260.9297   2.0 1 1 10   KH
	       1111.77 22118.4785 22118.6504   2.0 1 1 54   KH
	       1128.93 22082.9357   22083.21   2.0 1 1 9   KH
	       1147.01  22045.493   22045.57   2.0 1 1 
	       1325.13 21676.3378   21675.89   2.0 1 1 19   KH
	       1390.92 21539.8941   21540.08   2.0 1 1 12   KH
	       1487.96  21338.548 21338.6992   2.0 1 1 12   KH
	       1631.05 21041.4547 21041.5703   2.0 1 1 54   KH
	       1654.99 20991.7184   20991.83   2.0 1 1 9   KH
	       1739.15 20816.8504 20816.7109   2.0 1 1 12   KH
	       1776.35 20739.5208 20739.3008   2.0 1 1 
	       1818.01 20652.9004    20652.8   2.0 1 1 19   KH
	       1832.98 20621.7896    20621.9   2.0 1 1 12   KH
	       1976.84 20322.5188    20322.6   2.0 1 1 2 NOAO
	function chebyshev
	order 4
	sample *
	naverage 1
	niterate 10
	low_reject 3.
	high_reject 3.
	grow 0.
	coefficients	8
		1.
		4.
		191.7571716308594
		1976.835571289062
		22173.14679066006
		-1848.368603012228
		-2.237808265150249
		-0.02160529557063528

# Mon 11:05:46 05-Jun-2017
begin	identify wrgnN20100401S0137[SCI,25][*,15]
	id	wrgnN20100401S0137[SCI,25]
	task	identify
	image	wrgnN20100401S0137[SCI,25][*,15]
	units	Angstroms
	features	22
	        191.11 24019.7216   24019.77   2.0 1 1 17   KH
	        213.91 23972.7539   23973.05   2.0 1 1 766   KH
	        243.53 23911.7053    23911.2   2.0 1 1 14   KH
	        272.85 23851.2642   23851.54   2.0 1 1 1769   KH
	        303.53 23788.0146   23787.79   2.0 1 1 10   KH
	        617.97 23139.2308 23139.5098   2.0 1 1 1769   KH
	        695.92 22978.2271   22978.36   2.0 1 1 54   KH
	        907.71 22540.4324   22539.74   2.0 1 1 9   KH
	       1042.88 22260.7504 22260.9297   2.0 1 1 10   KH
	       1111.51 22118.6746 22118.6504   2.0 1 1 54   KH
	       1128.71 22083.0493   22083.21   2.0 1 1 9   KH
	       1146.85 22045.4809   22045.57   2.0 1 1 
	       1324.37 21677.6045   21675.89   2.0 1 0 19   KH
	       1390.69 21540.0747   21540.08   2.0 1 1 12   KH
	       1487.75 21338.6764 21338.6992   2.0 1 1 12   KH
	       1630.91 21041.4084 21041.5703   2.0 1 1 54   KH
	       1654.81 20991.7571   20991.83   2.0 1 1 9   KH
	       1738.94 20816.8934 20816.7109   2.0 1 1 12   KH
	       1776.12 20739.5807 20739.3008   2.0 1 1 
	       1817.83  20652.834    20652.8   2.0 1 1 19   KH
	       1832.77 20621.7712    20621.9   2.0 1 1 12   KH
	       1976.56 20322.5102    20322.6   2.0 1 1 2 NOAO
	function chebyshev
	order 4
	sample *
	naverage 1
	niterate 10
	low_reject 3.
	high_reject 3.
	grow 0.
	coefficients	8
		1.
		4.
		191.1131286621094
		1976.555053710937
		22173.54347448573
		-1848.530306539487
		-2.427595515835085
		-0.07539861664148867

# Mon 11:05:46 05-Jun-2017
begin	identify wrgnN20100401S0137[SCI,25][*,5]
	id	wrgnN20100401S0137[SCI,25]
	task	identify
	image	wrgnN20100401S0137[SCI,25][*,5]
	units	Angstroms
	features	20
	        191.61 24018.9379   24019.77   2.0 1 1 17   KH
	        213.70 23973.3456   23973.05   2.0 1 1 766   KH
	        243.83 23911.1398    23911.2   2.0 1 1 14   KH
	        272.54 23851.8837   23851.54   2.0 1 1 1769   KH
	        303.29 23788.3863   23787.79   2.0 1 1 10   KH
	        617.78 23138.8799 23139.5098   2.0 1 1 1769   KH
	        907.31 22540.3788   22539.74   2.0 1 1 54   KH
	       1042.31 22261.0701 22260.9297   2.0 1 1 9   KH
	       1111.12 22118.6302 22118.6504   2.0 1 1 10   KH
	       1128.35 22082.9418   22083.21   2.0 1 1 54   KH
	       1146.57 22045.2215   22045.57   2.0 1 1 9   KH
	       1390.35  21540.054   21540.08   2.0 1 1 
	       1487.49 21338.5337 21338.6992   2.0 1 1 19   KH
	       1630.39 21041.8483 21041.5703   2.0 1 1 12   KH
	       1654.39 20991.9864   20991.83   2.0 1 1 12   KH
	       1738.73 20816.7109 20816.7109   2.0 1 1 54   KH
	       1775.88 20739.4626 20739.3008   2.0 1 1 9   KH
	       1817.58 20652.7311    20652.8   2.0 1 1 12   KH
	       1832.44 20621.8253    20621.9   2.0 1 1 
	       1976.22 20322.4833    20322.6   2.0 1 1 19   KH
	function chebyshev
	order 4
	sample *
	naverage 1
	niterate 10
	low_reject 3.
	high_reject 3.
	grow 0.
	coefficients	8
		1.
		4.
		191.6104278564453
		1976.221557617188
		22172.82730411452
		-1847.961831435278
		-2.116667099186819
		-0.2654586787811861

# Mon 11:05:47 05-Jun-2017
begin	identify wrgnN20100401S0137[SCI,25][*,45]
	id	wrgnN20100401S0137[SCI,25]
	task	identify
	image	wrgnN20100401S0137[SCI,25][*,45]
	units	Angstroms
	features	22
	        191.87 24019.9635   24019.77   2.0 1 1 17   KH
	        214.61 23973.1121   23973.05   2.0 1 1 766   KH
	        273.44  23851.892   23851.54   2.0 1 1 14   KH
	        304.87 23787.1183   23787.79   2.0 1 1 1769   KH
	        618.74 23139.4517 23139.5098   2.0 1 1 10   KH
	        696.81  22978.155   22978.36   2.0 1 1 1769   KH
	        908.68 22540.0166   22539.74   2.0 1 1 54   KH
	       1043.35 22261.2365 22260.9297   2.0 1 1 9   KH
	       1112.09 22118.8764 22118.6504   2.0 1 1 10   KH
	       1129.30  22083.223   22083.21   2.0 1 1 54   KH
	       1147.60 22045.3058   22045.57   2.0 1 1 9   KH
	       1325.87 21675.7279   21675.89   2.0 1 1 
	       1391.28 21540.0577   21540.08   2.0 1 1 19   KH
	       1488.34 21338.6156 21338.6992   2.0 1 1 12   KH
	       1533.83 21244.1947   21242.79   2.0 1 0 12   KH
	       1631.28 21041.8049 21041.5703   2.0 1 1 54   KH
	       1655.41 20991.6886   20991.83   2.0 1 1 9   KH
	       1739.66 20816.6293 20816.7109   2.0 1 1 12   KH
	       1776.86 20739.3121 20739.3008   2.0 1 1 
	       1818.49 20652.7799    20652.8   2.0 1 1 19   KH
	       1833.39 20621.7932    20621.9   2.0 1 1 12   KH
	       1977.18 20322.7408    20322.6   2.0 1 1 2 NOAO
	function chebyshev
	order 4
	sample *
	naverage 1
	niterate 10
	low_reject 3.
	high_reject 3.
	grow 0.
	coefficients	8
		1.
		4.
		191.8695526123047
		1977.179931640625
		22173.66072937667
		-1848.703875546051
		-2.308580994017745
		0.09253488037781508

# Mon 11:05:47 05-Jun-2017
begin	identify wrgnN20100401S0137[SCI,25][*,55]
	id	wrgnN20100401S0137[SCI,25]
	task	identify
	image	wrgnN20100401S0137[SCI,25][*,55]
	units	Angstroms
	features	21
	        192.10 24019.6514   24019.77   2.0 1 1 17   KH
	        214.85 23972.7773   23973.05   2.0 1 1 766   KH
	        273.72  23851.447   23851.54   2.0 1 1 14   KH
	        304.29  23788.448   23787.79   2.0 1 1 1769   KH
	        618.92 23139.2975 23139.5098   2.0 1 1 10   KH
	        696.83  22978.364   22978.36   2.0 1 1 1769   KH
	        908.98 22539.8086   22539.74   2.0 1 1 54   KH
	       1043.75  22260.932 22260.9297   2.0 1 1 9   KH
	       1112.38 22118.8338 22118.6504   2.0 1 1 10   KH
	       1129.58 22083.2145   22083.21   2.0 1 1 54   KH
	       1147.76 22045.5509   22045.57   2.0 1 1 9   KH
	       1326.40 21675.3025   21675.89   2.0 1 1 
	       1391.55 21540.1755   21540.08   2.0 1 1 19   KH
	       1488.63 21338.7282 21338.6992   2.0 1 1 12   KH
	       1631.58 21041.8518 21041.5703   2.0 1 1 12   KH
	       1655.68 20991.7782   20991.83   2.0 1 1 54   KH
	       1739.86 20816.8207 20816.7109   2.0 1 1 9   KH
	       1777.02 20739.5479 20739.3008   2.0 1 1 12   KH
	       1818.74  20652.768    20652.8   2.0 1 1 
	       1833.67 20621.7051    20621.9   2.0 1 1 19   KH
	       1977.43  20322.498    20322.6   2.0 1 1 12   KH
	function chebyshev
	order 4
	sample *
	naverage 1
	niterate 10
	low_reject 3.
	high_reject 3.
	grow 0.
	coefficients	8
		1.
		4.
		192.0956726074219
		1977.428466796875
		22173.54725664895
		-1848.529903383664
		-2.472515463911769
		-0.04679079455836386

# Mon 11:05:47 05-Jun-2017
begin	identify wrgnN20100401S0137[SCI,25][*,65]
	id	wrgnN20100401S0137[SCI,25]
	task	identify
	image	wrgnN20100401S0137[SCI,25][*,65]
	units	Angstroms
	features	20
	        192.10 24019.8337   24019.77   2.0 1 1 17   KH
	        214.95  23972.834   23973.05   2.0 1 1 766   KH
	        273.86 23851.5892   23851.54   2.0 1 1 14   KH
	        619.01 23139.8887 23139.5098   2.0 1 1 1769   KH
	        696.89 22978.9935   22978.36   2.0 1 1 10   KH
	        910.10 22538.0959   22539.74   2.0 1 1 1769   KH
	       1044.29 22260.2614 22260.9297   2.0 1 1 54   KH
	       1112.32 22119.3287 22118.6504   2.0 1 1 9   KH
	       1129.74 22083.2334   22083.21   2.0 1 1 10   KH
	       1147.86 22045.6674   22045.57   2.0 1 1 54   KH
	       1325.49 21677.3579   21675.89   2.0 1 1 9   KH
	       1391.71 21539.9598   21540.08   2.0 1 1 
	       1488.77 21338.4973 21338.6992   2.0 1 1 19   KH
	       1632.04 21040.9907 21041.5703   2.0 1 1 12   KH
	       1655.82 20991.5942   20991.83   2.0 1 1 12   KH
	       1739.99 20816.7195 20816.7109   2.0 1 1 54   KH
	       1777.08 20739.6446 20739.3008   2.0 1 1 9   KH
	       1818.86 20652.8197    20652.8   2.0 1 1 12   KH
	       1833.86 20621.6359    20621.9   2.0 1 1 
	       1977.63 20322.7655    20322.6   2.0 1 1 19   KH
	function chebyshev
	order 4
	sample *
	naverage 1
	niterate 10
	low_reject 3.
	high_reject 3.
	grow 0.
	coefficients	8
		1.
		4.
		192.1018524169922
		1977.633056640625
		22173.75317849771
		-1848.809465916252
		-2.453561923832595
		0.2753532577045454

