# Mon 11:05:48 05-Jun-2017
begin	identify wrgnN20100401S0137[SCI,29][*,35]
	id	wrgnN20100401S0137[SCI,29]
	task	identify
	image	wrgnN20100401S0137[SCI,29][*,35]
	units	Angstrom
	features	25
	        172.99 24019.9957   24019.77   2.0 1 1 17   KH
	        195.92 23972.7883   23973.05   2.0 1 1 766   KH
	        225.55 23911.7808    23911.2   2.0 1 1 14   KH
	        254.81 23851.5125   23851.54   2.0 1 1 14   KH
	        286.01 23787.2465   23787.79   2.0 1 1 10   KH
	        600.11 23139.3906   23139.51   2.0 1 1 14   KH
	        678.23 22978.0618   22978.36   2.0 1 1 54   KH
	        889.97 22540.3518   22539.74   2.0 1 1 9   KH
	       1024.88 22261.1508   22260.93   2.0 1 1 11   KH
	       1047.00 22215.3472   22215.73   2.0 1 1 10   KH
	       1093.58  22118.887 22118.6504   2.0 1 1 9   KH
	       1110.83 22083.1619   22083.21   2.0 1 1 1321   KH
	       1129.01 22045.5098   22045.57   2.0 1 1 259   KH
	       1259.01 21776.1025   21770.25   2.0 1 0 21   KH
	       1307.27 21676.0581 21675.8906   2.0 1 1 21   KH
	       1372.89 21539.9616   21540.08   2.0 1 1 832   KH
	       1469.94 21338.5956    21338.7   2.0 1 1 153   KH
	       1514.97 21245.1226   21242.79   2.0 1 0 12   KH
	       1613.04 21041.5132   21041.57   2.0 1 1 10   KH
	       1637.03 20991.6833   20991.83   2.0 1 1 1763   KH
	       1721.29 20816.6187   20816.71   2.0 1 1 140   KH
	       1758.43 20739.4543 20739.3008   2.0 1 1 
	       1800.08 20652.8673 20652.8008   2.0 1 1 1321   KH
	       1815.03 20621.7951    20621.9   2.0 1 1 259   KH
	       1958.86 20322.7006    20322.6   2.0 1 1 12   KH
	function chebyshev
	order 4
	sample *
	naverage 1
	niterate 10
	low_reject 3.
	high_reject 3.
	grow 0.
	coefficients	8
		1.
		4.
		172.9882049560547
		1958.862670898438
		22173.75801661089
		-1848.754235386278
		-2.40984864409648
		0.1066933792429965

# Mon 11:05:48 05-Jun-2017
begin	identify wrgnN20100401S0137[SCI,29][*,25]
	id	wrgnN20100401S0137[SCI,29]
	task	identify
	image	wrgnN20100401S0137[SCI,29][*,25]
	units	Angstroms
	features	22
	        172.67 24020.1546   24019.77   2.0 1 1 17   KH
	        195.59 23972.9806   23973.05   2.0 1 1 766   KH
	        224.76 23912.9283    23911.2   2.0 1 0 14   KH
	        254.46  23851.765   23851.54   2.0 1 1 14   KH
	        285.83 23787.1439   23787.79   2.0 1 1 10   KH
	        599.82 23139.5595   23139.51   2.0 1 1 14   KH
	        677.98 22978.1241   22978.36   2.0 1 1 54   KH
	        889.88 22540.0227   22539.74   2.0 1 1 9   KH
	       1024.75 22260.8838   22260.93   2.0 1 1 11   KH
	       1093.28 22118.9526 22118.6504   2.0 1 1 10   KH
	       1110.50 22083.2953   22083.21   2.0 1 1 9   KH
	       1128.74 22045.5029   22045.57   2.0 1 1 1321   KH
	       1307.06 21675.8688 21675.8906   2.0 1 1 259   KH
	       1372.57 21539.9823   21540.08   2.0 1 1 21   KH
	       1469.66 21338.5327    21338.7   2.0 1 1 21   KH
	       1612.60 21041.7348   21041.57   2.0 1 1 832   KH
	       1636.75 20991.5835   20991.83   2.0 1 1 153   KH
	       1720.91 20816.7352   20816.71   2.0 1 1 12   KH
	       1758.08 20739.4978 20739.3008   2.0 1 1 10   KH
	       1799.82 20652.7479 20652.8008   2.0 1 1 1763   KH
	       1814.76 20621.6848    20621.9   2.0 1 1 140   KH
	       1958.53 20322.7499    20322.6   2.0 1 1 
	function chebyshev
	order 4
	sample *
	naverage 1
	niterate 10
	low_reject 3.
	high_reject 3.
	grow 0.
	coefficients	8
		1.
		4.
		172.6726226806641
		1958.530395507812
		22173.87097086575
		-1848.856099542417
		-2.418743496498227
		0.1537576196436264

# Mon 11:05:48 05-Jun-2017
begin	identify wrgnN20100401S0137[SCI,29][*,15]
	id	wrgnN20100401S0137[SCI,29]
	task	identify
	image	wrgnN20100401S0137[SCI,29][*,15]
	units	Angstroms
	features	18
	        195.20 23972.9707   23973.05   2.0 1 1 17   KH
	        224.13 23913.4239    23911.2   2.0 1 0 766   KH
	        254.12 23851.6695   23851.54   2.0 1 1 14   KH
	        287.27 23783.4157   23787.79   2.0 1 0 14   KH
	        599.43 23139.6535   23139.51   2.0 1 1 10   KH
	        677.69 22978.0311   22978.36   2.0 1 1 14   KH
	       1093.07 22118.7078 22118.6504   2.0 1 1 54   KH
	       1110.15 22083.3215   22083.21   2.0 1 1 9   KH
	       1128.36 22045.6105   22045.57   2.0 1 1 11   KH
	       1372.20 21540.0604   21540.08   2.0 1 1 10   KH
	       1469.28  21338.614    21338.7   2.0 1 1 9   KH
	       1612.13 21042.0235   21041.57   2.0 1 1 1321   KH
	       1636.37 20991.6723   20991.83   2.0 1 1 259   KH
	       1720.68 20816.5223   20816.71   2.0 1 1 21   KH
	       1757.86 20739.2656 20739.3008   2.0 1 1 21   KH
	       1799.48 20652.7551 20652.8008   2.0 1 1 832   KH
	       1814.42 20621.7172    20621.9   2.0 1 1 153   KH
	       1958.19  20322.787    20322.6   2.0 1 1 12   KH
	function chebyshev
	order 4
	sample *
	naverage 1
	niterate 10
	low_reject 3.
	high_reject 3.
	grow 0.
	coefficients	8
		1.
		4.
		195.2006988525391
		1958.191162109375
		22150.25322058524
		-1825.264189346025
		-2.374349851994081
		0.1723613780394356

# Mon 11:05:48 05-Jun-2017
begin	identify wrgnN20100401S0137[SCI,29][*,5]
	id	wrgnN20100401S0137[SCI,29]
	task	identify
	image	wrgnN20100401S0137[SCI,29][*,5]
	units	Angstroms
	features	17
	        195.16 23972.0525   23973.05   2.0 1 1 17   KH
	        223.91 23912.9488    23911.2   2.0 1 1 766   KH
	        254.10 23850.8523   23851.54   2.0 1 1 14   KH
	        287.25 23782.6473   23787.79   2.0 1 0 14   KH
	        599.39 23139.4011   23139.51   2.0 1 1 10   KH
	       1093.15 22118.5044 22118.6504   2.0 1 1 14   KH
	       1110.13 22083.3348   22083.21   2.0 1 1 54   KH
	       1128.33 22045.6242   22045.57   2.0 1 1 9   KH
	       1372.17 21540.1184   21540.08   2.0 1 1 11   KH
	       1469.32 21338.5287    21338.7   2.0 1 1 10   KH
	       1612.04 21042.2106   21041.57   2.0 1 1 9   KH
	       1636.34 20991.7409   20991.83   2.0 1 1 1321   KH
	       1720.67 20816.5489   20816.71   2.0 1 1 259   KH
	       1757.82  20739.343 20739.3008   2.0 1 1 21   KH
	       1799.45  20652.846 20652.8008   2.0 1 1 21   KH
	       1814.63 20621.2862    20621.9   2.0 1 1 832   KH
	       1958.17 20322.8812    20322.6   2.0 1 1 153   KH
	function chebyshev
	order 4
	sample *
	naverage 1
	niterate 10
	low_reject 3.
	high_reject 3.
	grow 0.
	coefficients	8
		1.
		4.
		195.16455078125
		1958.167602539062
		22150.0540560022
		-1824.830301781828
		-2.587175182011808
		0.2446582974132534

# Mon 11:05:48 05-Jun-2017
begin	identify wrgnN20100401S0137[SCI,29][*,45]
	id	wrgnN20100401S0137[SCI,29]
	task	identify
	image	wrgnN20100401S0137[SCI,29][*,45]
	units	Angstroms
	features	22
	        173.46 24019.7186   24019.77   2.0 1 1 17   KH
	        196.18 23972.9101   23973.05   2.0 1 1 766   KH
	        226.03  23911.413    23911.2   2.0 1 1 14   KH
	        255.10 23851.5017   23851.54   2.0 1 1 14   KH
	        285.99 23787.8419   23787.79   2.0 1 1 10   KH
	        600.37 23139.2596   23139.51   2.0 1 1 14   KH
	        678.14 22978.6437   22978.36   2.0 1 1 54   KH
	        889.33 22542.0993   22539.74   2.0 1 0 9   KH
	       1093.95 22118.6551 22118.6504   2.0 1 1 11   KH
	       1111.10 22083.1296   22083.21   2.0 1 1 10   KH
	       1129.26 22045.5232   22045.57   2.0 1 1 9   KH
	       1260.55 21773.4955   21770.25   2.0 1 0 1321   KH
	       1307.09  21677.024 21675.8906   2.0 1 0 259   KH
	       1373.14 21540.0622   21540.08   2.0 1 1 21   KH
	       1470.20 21338.6975    21338.7   2.0 1 1 21   KH
	       1613.25 21041.7119   21041.57   2.0 1 1 832   KH
	       1637.28 20991.7975   20991.83   2.0 1 1 153   KH
	       1721.53 20816.7586   20816.71   2.0 1 1 12   KH
	       1758.79 20739.3076 20739.3008   2.0 1 1 10   KH
	       1800.39 20652.8135 20652.8008   2.0 1 1 1763   KH
	       1815.31 20621.8002    20621.9   2.0 1 1 140   KH
	       1959.13 20322.5967    20322.6   2.0 1 1 
	function chebyshev
	order 4
	sample *
	naverage 1
	niterate 10
	low_reject 3.
	high_reject 3.
	grow 0.
	coefficients	8
		1.
		4.
		173.4609527587891
		1959.132934570313
		22173.52969023551
		-1848.543738298858
		-2.372041196323668
		-0.01720806264953589

# Mon 11:05:48 05-Jun-2017
begin	identify wrgnN20100401S0137[SCI,29][*,55]
	id	wrgnN20100401S0137[SCI,29]
	task	identify
	image	wrgnN20100401S0137[SCI,29][*,55]
	units	Angstroms
	features	19
	        173.95 24019.5155   24019.77   2.0 1 1 17   KH
	        196.59 23972.8812   23973.05   2.0 1 1 766   KH
	        226.33 23911.6291    23911.2   2.0 1 1 14   KH
	        255.44 23851.6529   23851.54   2.0 1 1 14   KH
	        600.78 23139.3419   23139.51   2.0 1 1 10   KH
	        890.98 22539.6045   22539.74   2.0 1 1 14   KH
	       1094.24  22118.906 22118.6504   2.0 1 1 54   KH
	       1111.45 22083.2675   22083.21   2.0 1 1 9   KH
	       1129.67 22045.5251   22045.57   2.0 1 1 11   KH
	       1307.55 21676.8828 21675.8906   2.0 1 0 10   KH
	       1373.51 21540.1048   21540.08   2.0 1 1 9   KH
	       1470.61 21338.6328    21338.7   2.0 1 1 1321   KH
	       1613.67 21041.6134   21041.57   2.0 1 1 259   KH
	       1637.74 20991.6118   20991.83   2.0 1 1 21   KH
	       1721.92 20816.7169   20816.71   2.0 1 1 21   KH
	       1759.03 20739.5844 20739.3008   2.0 1 1 832   KH
	       1800.77 20652.7968 20652.8008   2.0 1 1 153   KH
	       1815.72 20621.7073    20621.9   2.0 1 1 12   KH
	       1959.50 20322.6402    20322.6   2.0 1 1 10   KH
	function chebyshev
	order 4
	sample *
	naverage 1
	niterate 10
	low_reject 3.
	high_reject 3.
	grow 0.
	coefficients	8
		1.
		4.
		173.9489135742188
		1959.49853515625
		22173.4849215215
		-1848.472163458472
		-2.407065326596546
		0.03454376244061035

# Mon 11:05:48 05-Jun-2017
begin	identify wrgnN20100401S0137[SCI,29][*,65]
	id	wrgnN20100401S0137[SCI,29]
	task	identify
	image	wrgnN20100401S0137[SCI,29][*,65]
	units	Angstroms
	features	17
	        173.47 24020.7725   24019.77   2.0 1 1 17   KH
	        197.03 23972.3267   23973.05   2.0 1 1 766   KH
	        255.95  23851.101   23851.54   2.0 1 1 14   KH
	        601.13 23139.6454   23139.51   2.0 1 1 14   KH
	       1094.81  22118.723 22118.6504   2.0 1 1 10   KH
	       1111.96 22083.1963   22083.21   2.0 1 1 14   KH
	       1130.07 22045.6693   22045.57   2.0 1 1 54   KH
	       1308.39 21676.0211 21675.8906   2.0 1 1 9   KH
	       1373.99 21539.9392   21540.08   2.0 1 1 11   KH
	       1471.07 21338.4858    21338.7   2.0 1 1 10   KH
	       1614.01 21041.6871   21041.57   2.0 1 1 9   KH
	       1638.09 20991.6809   20991.83   2.0 1 1 1321   KH
	       1722.27 20816.7892   20816.71   2.0 1 1 259   KH
	       1759.55 20739.3274 20739.3008   2.0 1 1 21   KH
	       1801.13 20652.8997 20652.8008   2.0 1 1 21   KH
	       1816.10 20621.7924    20621.9   2.0 1 1 832   KH
	       1960.00 20322.6258    20322.6   2.0 1 1 153   KH
	function chebyshev
	order 4
	sample *
	naverage 1
	niterate 10
	low_reject 3.
	high_reject 3.
	grow 0.
	coefficients	8
		1.
		4.
		173.4716491699219
		1959.996704101563
		22174.28599128427
		-1849.314575779001
		-2.586857747056456
		0.2412409529127445

