# Mon 11:05:48 05-Jun-2017
begin	identify wrgnN20100401S0137[SCI,28][*,35]
	id	wrgnN20100401S0137[SCI,28]
	task	identify
	image	wrgnN20100401S0137[SCI,28][*,35]
	units	Angstrom
	features	23
	        177.81 24020.0311   24019.77   2.0 1 1 17   KH
	        200.76 23972.7933   23973.05   2.0 1 1 17   KH
	        229.97 23912.6521    23911.2   2.0 1 0 14   KH
	        259.64  23851.563   23851.54   2.0 1 1 1769   KH
	        604.89 23139.6186   23139.51   2.0 1 1 1769   KH
	        683.16 22977.9729   22978.36   2.0 1 1 14   KH
	        895.06 22539.8565   22539.74   2.0 1 1 54   KH
	       1029.73 22261.0974   22260.93   2.0 1 1 766   KH
	       1098.42 22118.8337 22118.6504   2.0 1 1 14   KH
	       1115.61 22083.2236   22083.21   2.0 1 1 54   KH
	       1133.79 22045.5604   22045.57   2.0 1 1 1769   KH
	       1269.87 21763.4987   21770.25   2.0 1 0 21   KH
	       1312.16 21675.8031   21675.89   2.0 1 1 412   KH
	       1377.65 21539.9501   21540.08   2.0 1 1 21   KH
	       1474.70 21338.5517 21338.6992   2.0 1 1 54   KH
	       1520.77  21242.918   21242.79   2.0 1 1 1321   KH
	       1617.63 21041.7872   21041.57   2.0 1 1 11   KH
	       1641.78 20991.6431   20991.83   2.0 1 1 12   KH
	       1725.98 20816.7118 20816.7109   2.0 1 1 42   KH
	       1763.21 20739.3426 20739.3008   2.0 1 1 21   KH
	       1804.85 20652.8041 20652.8008   2.0 1 1 
	       1819.80 20621.7363    20621.9   2.0 1 1 1321   KH
	       1963.62 20322.7037    20322.6   2.0 1 1 2 NOAO
	function chebyshev
	order 4
	sample *
	naverage 1
	niterate 10
	low_reject 3.
	high_reject 3.
	grow 0.
	coefficients	8
		1.
		4.
		177.805404663086
		1963.624389648438
		22173.79830142371
		-1848.850976559038
		-2.430919390764203
		0.1872960333771293

# Mon 11:05:48 05-Jun-2017
begin	identify wrgnN20100401S0137[SCI,28][*,25]
	id	wrgnN20100401S0137[SCI,28]
	task	identify
	image	wrgnN20100401S0137[SCI,28][*,25]
	units	Angstroms
	features	22
	        177.85 24019.5593   24019.77   2.0 1 1 17   KH
	        200.41  23973.076   23973.05   2.0 1 1 17   KH
	        259.26 23851.7934   23851.54   2.0 1 1 14   KH
	        604.59 23139.3606   23139.51   2.0 1 1 1769   KH
	        682.48 22978.4896   22978.36   2.0 1 1 1769   KH
	        894.68 22539.8176   22539.74   2.0 1 1 14   KH
	       1029.68 22260.4525   22260.93   2.0 1 1 54   KH
	       1098.07 22118.8621 22118.6504   2.0 1 1 766   KH
	       1115.24 22083.2946   22083.21   2.0 1 1 14   KH
	       1133.47 22045.5447   22045.57   2.0 1 1 54   KH
	       1270.20 21762.2132   21770.25   2.0 1 0 1769   KH
	       1311.41 21676.7787   21675.89   2.0 1 0 21   KH
	       1377.28  21540.171   21540.08   2.0 1 1 412   KH
	       1474.36 21338.7407 21338.6992   2.0 1 1 21   KH
	       1522.67 21238.4464   21242.79   2.0 1 0 54   KH
	       1617.43  21041.676   21041.57   2.0 1 1 1321   KH
	       1641.44 20991.7815   20991.83   2.0 1 1 11   KH
	       1725.72 20816.6474 20816.7109   2.0 1 1 12   KH
	       1762.88 20739.3964 20739.3008   2.0 1 1 42   KH
	       1804.56 20652.7322 20652.8008   2.0 1 1 21   KH
	       1819.46  20621.738    20621.9   2.0 1 1 
	       1963.19 20322.6886    20322.6   2.0 1 1 1321   KH
	function chebyshev
	order 4
	sample *
	naverage 1
	niterate 10
	low_reject 3.
	high_reject 3.
	grow 0.
	coefficients	8
		1.
		4.
		177.8464050292969
		1963.19189453125
		22173.51692796673
		-1848.417521556024
		-2.392972698296754
		-0.01779729609306659

# Mon 11:05:48 05-Jun-2017
begin	identify wrgnN20100401S0137[SCI,28][*,15]
	id	wrgnN20100401S0137[SCI,28]
	task	identify
	image	wrgnN20100401S0137[SCI,28][*,15]
	units	Angstroms
	features	20
	        177.50  24019.536   24019.77   2.0 1 1 17   KH
	        200.02  23973.151   23973.05   2.0 1 1 17   KH
	        258.93 23851.8042   23851.54   2.0 1 1 14   KH
	        604.14 23139.7026   23139.51   2.0 1 1 1769   KH
	        682.57 22977.6837   22978.36   2.0 1 1 1769   KH
	       1028.84 22261.3892   22260.93   2.0 1 1 14   KH
	       1097.68 22118.8214 22118.6504   2.0 1 1 54   KH
	       1114.92 22083.1013   22083.21   2.0 1 1 766   KH
	       1133.06 22045.5306   22045.57   2.0 1 1 14   KH
	       1311.25 21676.1561   21675.89   2.0 1 1 54   KH
	       1376.94 21539.8934   21540.08   2.0 1 1 1769   KH
	       1473.99 21338.5224 21338.6992   2.0 1 1 21   KH
	       1524.49 21233.7048   21242.79   2.0 1 0 412   KH
	       1616.99 21041.6354   21041.57   2.0 1 1 21   KH
	       1641.07 20991.6104   20991.83   2.0 1 1 54   KH
	       1725.26 20816.7209 20816.7109   2.0 1 1 1321   KH
	       1762.49  20739.367 20739.3008   2.0 1 1 11   KH
	       1804.11 20652.8704 20652.8008   2.0 1 1 12   KH
	       1819.05  20621.799    20621.9   2.0 1 1 42   KH
	       1962.92 20322.6772    20322.6   2.0 1 1 21   KH
	function chebyshev
	order 4
	sample *
	naverage 1
	niterate 10
	low_reject 3.
	high_reject 3.
	grow 0.
	coefficients	8
		1.
		4.
		177.4957122802734
		1962.921264648438
		22173.41334526937
		-1848.563469299151
		-2.30678850643285
		0.1340663281882364

# Mon 11:05:48 05-Jun-2017
begin	identify wrgnN20100401S0137[SCI,28][*,5]
	id	wrgnN20100401S0137[SCI,28]
	task	identify
	image	wrgnN20100401S0137[SCI,28][*,5]
	units	Angstroms
	features	19
	        177.62 24019.2988   24019.77   2.0 1 1 17   KH
	        199.93 23973.2978   23973.05   2.0 1 1 17   KH
	        258.82 23851.8372   23851.54   2.0 1 1 14   KH
	        604.03 23139.3254   23139.51   2.0 1 1 1769   KH
	        681.88 22978.5076   22978.36   2.0 1 1 1769   KH
	       1028.64 22261.4199   22260.93   2.0 1 1 14   KH
	       1097.74 22118.3561 22118.6504   2.0 1 1 54   KH
	       1114.81 22083.0132   22083.21   2.0 1 1 766   KH
	       1132.95  22045.448   22045.57   2.0 1 1 14   KH
	       1311.29 21675.9061   21675.89   2.0 1 1 54   KH
	       1376.83 21540.0027   21540.08   2.0 1 1 1769   KH
	       1473.89 21338.6447 21338.6992   2.0 1 1 21   KH
	       1522.55 21237.6464   21242.79   2.0 1 0 412   KH
	       1640.93 20991.7979   20991.83   2.0 1 1 21   KH
	       1725.09 20816.8985 20816.7109   2.0 1 1 54   KH
	       1762.28 20739.5752 20739.3008   2.0 1 1 1321   KH
	       1803.96 20652.8912 20652.8008   2.0 1 1 11   KH
	       1818.92  20621.778    20621.9   2.0 1 1 12   KH
	       1962.76 20322.4038    20322.6   2.0 1 1 42   KH
	function chebyshev
	order 4
	sample *
	naverage 1
	niterate 10
	low_reject 3.
	high_reject 3.
	grow 0.
	coefficients	8
		1.
		4.
		177.619384765625
		1962.755981445313
		22173.12962703025
		-1848.305735021257
		-2.278336530781931
		-0.1417967651498982

# Mon 11:05:48 05-Jun-2017
begin	identify wrgnN20100401S0137[SCI,28][*,45]
	id	wrgnN20100401S0137[SCI,28]
	task	identify
	image	wrgnN20100401S0137[SCI,28][*,45]
	units	Angstroms
	features	21
	        178.03 24019.9331   24019.77   2.0 1 1 17   KH
	        201.05 23972.5805   23973.05   2.0 1 1 17   KH
	        230.65 23911.6807    23911.2   2.0 1 1 14   KH
	        260.00 23851.2623   23851.54   2.0 1 1 1769   KH
	        605.15 23139.7027   23139.51   2.0 1 1 1769   KH
	        683.17 22978.5819   22978.36   2.0 1 1 14   KH
	        894.09 22542.5484   22539.74   2.0 1 0 54   KH
	       1030.53 22260.1479   22260.93   2.0 1 1 766   KH
	       1098.73 22118.8845 22118.6504   2.0 1 1 14   KH
	       1115.94 22083.2282   22083.21   2.0 1 1 54   KH
	       1134.10 22045.5997   22045.57   2.0 1 1 1769   KH
	       1377.97 21539.9518   21540.08   2.0 1 1 21   KH
	       1475.00 21338.5861 21338.6992   2.0 1 1 412   KH
	       1520.75 21243.6123   21242.79   2.0 1 1 21   KH
	       1618.12 21041.4179   21041.57   2.0 1 1 54   KH
	       1642.07 20991.6664   20991.83   2.0 1 1 1321   KH
	       1726.29 20816.6953 20816.7109   2.0 1 1 11   KH
	       1763.51 20739.3337 20739.3008   2.0 1 1 12   KH
	       1805.13 20652.8354 20652.8008   2.0 1 1 42   KH
	       1820.08 20621.7649    20621.9   2.0 1 1 21   KH
	       1963.96 20322.6068    20322.6   2.0 1 1 
	function chebyshev
	order 4
	sample *
	naverage 1
	niterate 10
	low_reject 3.
	high_reject 3.
	grow 0.
	coefficients	8
		1.
		4.
		178.0330505371094
		1963.96435546875
		22173.800732424
		-1848.883670146736
		-2.530819729246649
		0.2205132315550236

# Mon 11:05:48 05-Jun-2017
begin	identify wrgnN20100401S0137[SCI,28][*,55]
	id	wrgnN20100401S0137[SCI,28]
	task	identify
	image	wrgnN20100401S0137[SCI,28][*,55]
	units	Angstroms
	features	20
	        179.40 24018.6087   24019.77   2.0 1 1 17   KH
	        201.40 23973.2161   23973.05   2.0 1 1 17   KH
	        231.04 23912.0757    23911.2   2.0 1 1 14   KH
	        260.28 23851.7652   23851.54   2.0 1 1 1769   KH
	        605.59 23138.9941   23139.51   2.0 1 1 1769   KH
	        682.87 22979.3597   22978.36   2.0 1 1 14   KH
	        892.92 22545.2023   22539.74   2.0 1 0 54   KH
	       1030.81 22259.9615   22260.93   2.0 1 1 766   KH
	       1099.04 22118.7506 22118.6504   2.0 1 1 14   KH
	       1116.24 22083.1463   22083.21   2.0 1 1 54   KH
	       1134.46 22045.4173   22045.57   2.0 1 1 1769   KH
	       1378.28 21540.1947   21540.08   2.0 1 1 21   KH
	       1475.33 21338.8548 21338.6992   2.0 1 1 412   KH
	       1618.33 21041.9664   21041.57   2.0 1 1 21   KH
	       1642.45 20991.8569   20991.83   2.0 1 1 54   KH
	       1726.70 20816.7401 20816.7109   2.0 1 1 1321   KH
	       1763.90 20739.3967 20739.3008   2.0 1 1 11   KH
	       1805.51 20652.8391 20652.8008   2.0 1 1 12   KH
	       1820.46 20621.7273    20621.9   2.0 1 1 42   KH
	       1964.23 20322.4109    20322.6   2.0 1 1 21   KH
	function chebyshev
	order 4
	sample *
	naverage 1
	niterate 10
	low_reject 3.
	high_reject 3.
	grow 0.
	coefficients	8
		1.
		4.
		179.3960418701172
		1964.22705078125
		22172.80995424896
		-1847.866680647832
		-2.300173279400408
		-0.2322049423757138

# Mon 11:05:48 05-Jun-2017
begin	identify wrgnN20100401S0137[SCI,28][*,65]
	id	wrgnN20100401S0137[SCI,28]
	task	identify
	image	wrgnN20100401S0137[SCI,28][*,65]
	units	Angstroms
	features	20
	        178.73  24020.453   24019.77   2.0 1 1 17   KH
	        201.66 23973.2518   23973.05   2.0 1 1 17   KH
	        232.60 23909.5487    23911.2   2.0 1 1 14   KH
	        260.51 23852.0689   23851.54   2.0 1 1 1769   KH
	        605.80    23139.9   23139.51   2.0 1 1 1769   KH
	        683.67 22979.0118   22978.36   2.0 1 1 14   KH
	        896.89 22538.0691   22539.74   2.0 1 1 54   KH
	       1030.62 22261.1767   22260.93   2.0 1 1 766   KH
	       1099.11 22119.2948 22118.6504   2.0 1 1 14   KH
	       1116.47 22083.3349   22083.21   2.0 1 1 54   KH
	       1134.70 22045.5417   22045.57   2.0 1 1 1769   KH
	       1378.50 21539.9738   21540.08   2.0 1 1 21   KH
	       1475.57 21338.5184 21338.6992   2.0 1 1 412   KH
	       1618.28 21042.1954   21041.57   2.0 1 1 21   KH
	       1642.67 20991.5483   20991.83   2.0 1 1 54   KH
	       1726.88 20816.5964 20816.7109   2.0 1 1 1321   KH
	       1764.00  20739.474 20739.3008   2.0 1 1 11   KH
	       1805.75 20652.7094 20652.8008   2.0 1 1 12   KH
	       1820.70  20621.646    20621.9   2.0 1 1 42   KH
	       1964.51  20322.709    20322.6   2.0 1 1 21   KH
	function chebyshev
	order 4
	sample *
	naverage 1
	niterate 10
	low_reject 3.
	high_reject 3.
	grow 0.
	coefficients	8
		1.
		4.
		178.7276763916016
		1964.511108398437
		22173.91899713845
		-1849.106665625646
		-2.338028707019926
		0.2346506003711535

