# Mon 11:05:42 05-Jun-2017
begin	identify wrgnN20100401S0137[SCI,7][*,35]
	id	wrgnN20100401S0137[SCI,7]
	task	identify
	image	wrgnN20100401S0137[SCI,7][*,35]
	units	Angstrom
	features	23
	        232.02 24019.7234   24019.77   2.0 1 1 17   KH
	        254.90  23972.578   23973.05   2.0 1 1 766   KH
	        284.27 23912.0481    23911.2   2.0 1 1 14   KH
	        313.75 23851.2928   23851.54   2.0 1 1 14   KH
	        658.90 23139.0618   23139.51   2.0 1 1 1769   KH
	        736.58 22978.5804   22978.36   2.0 1 1 54   KH
	        948.62 22540.0898   22539.74   2.0 1 1 54   KH
	       1083.44 22261.0108   22260.93   2.0 1 1 11   KH
	       1105.20 22215.9338   22215.73   2.0 1 1 11   KH
	       1152.19 22118.6032   22118.65   2.0 1 1 54   KH
	       1169.39 22082.9652   22083.21   2.0 1 1 68   KH
	       1187.57 22045.3054   22045.57   2.0 1 1 11   KH
	       1365.69 21676.0444   21675.89   2.0 1 1 12   KH
	       1431.32 21539.8809   21540.08   2.0 1 1 12   KH
	       1528.31 21338.5709    21338.7   2.0 1 1 1321   KH
	       1573.48 21244.7874   21242.79   2.0 1 0 12   KH
	       1671.09 21042.0297   21041.57   2.0 1 1 12   KH
	       1695.32 20991.6888   20991.83   2.0 1 1 42   KH
	       1779.60 20816.5111   20816.71   2.0 1 1 259   KH
	       1816.59 20739.6012 20739.3008   2.0 1 1 12   KH
	       1858.34 20652.7853    20652.8   2.0 1 1 12   KH
	       1873.26 20621.7645    20621.9   2.0 1 1 2 NOAO
	       2017.04 20322.5714    20322.6   2.0 1 1 153   KH
	function chebyshev
	order 4
	sample *
	naverage 1
	niterate 10
	low_reject 3.
	high_reject 3.
	grow 0.
	coefficients	8
		1.
		4.
		232.0166778564453
		2017.041870117187
		22173.52698164448
		-1848.60497224303
		-2.379616188402744
		0.02897536407129106

# Mon 11:05:42 05-Jun-2017
begin	identify wrgnN20100401S0137[SCI,7][*,25]
	id	wrgnN20100401S0137[SCI,7]
	task	identify
	image	wrgnN20100401S0137[SCI,7][*,25]
	units	Angstroms
	features	21
	        232.44 24019.4081   24019.77   2.0 1 1 17   KH
	        255.12 23972.6925   23973.05   2.0 1 1 766   KH
	        284.46 23912.2543    23911.2   2.0 1 1 14   KH
	        314.03  23851.323   23851.54   2.0 1 1 14   KH
	        659.14  23139.303   23139.51   2.0 1 1 1769   KH
	        737.02 22978.3917   22978.36   2.0 1 1 54   KH
	        949.10 22539.8041   22539.74   2.0 1 1 54   KH
	       1083.68 22261.1905   22260.93   2.0 1 1 11   KH
	       1152.52 22118.5908   22118.65   2.0 1 1 11   KH
	       1169.75 22082.8806   22083.21   2.0 1 1 54   KH
	       1187.89  22045.284   22045.57   2.0 1 1 68   KH
	       1365.62 21676.7767   21675.89   2.0 1 1 11   KH
	       1431.64 21539.7924   21540.08   2.0 1 1 12   KH
	       1528.66 21338.4175    21338.7   2.0 1 1 12   KH
	       1671.36  21042.016   21041.57   2.0 1 1 1321   KH
	       1695.64 20991.5642   20991.83   2.0 1 1 12   KH
	       1779.75  20816.733   20816.71   2.0 1 1 12   KH
	       1816.95 20739.3837 20739.3008   2.0 1 1 42   KH
	       1858.63 20652.6971    20652.8   2.0 1 1 259   KH
	       1873.55 20621.6844    20621.9   2.0 1 1 12   KH
	       2017.23 20322.7231    20322.6   2.0 1 1 12   KH
	function chebyshev
	order 4
	sample *
	naverage 1
	niterate 10
	low_reject 3.
	high_reject 3.
	grow 0.
	coefficients	8
		1.
		4.
		232.4416656494141
		2017.2333984375
		22173.50220685054
		-1848.433039967991
		-2.436583626936621
		0.09055125372038897

# Mon 11:05:42 05-Jun-2017
begin	identify wrgnN20100401S0137[SCI,7][*,15]
	id	wrgnN20100401S0137[SCI,7]
	task	identify
	image	wrgnN20100401S0137[SCI,7][*,15]
	units	Angstroms
	features	19
	        255.47 23972.9488   23973.05   2.0 1 1 17   KH
	        314.29 23851.7506   23851.54   2.0 1 1 766   KH
	        659.50 23139.4229   23139.51   2.0 1 1 14   KH
	        737.61 22977.9934   22978.36   2.0 1 1 14   KH
	        949.30 22540.1042   22539.74   2.0 1 1 1769   KH
	       1084.05 22261.0734   22260.93   2.0 1 1 54   KH
	       1152.78  22118.679   22118.65   2.0 1 1 54   KH
	       1169.96 22083.0618   22083.21   2.0 1 1 11   KH
	       1188.09 22045.4868   22045.57   2.0 1 1 11   KH
	       1366.07 21676.3945   21675.89   2.0 1 1 54   KH
	       1431.89 21539.8126   21540.08   2.0 1 1 68   KH
	       1528.89 21338.4558    21338.7   2.0 1 1 11   KH
	       1671.74 21041.7468   21041.57   2.0 1 1 12   KH
	       1695.88 20991.5978   20991.83   2.0 1 1 12   KH
	       1780.02 20816.7398   20816.71   2.0 1 1 1321   KH
	       1817.19 20739.4658 20739.3008   2.0 1 1 12   KH
	       1858.88 20652.7853    20652.8   2.0 1 1 12   KH
	       1873.82 20621.7376    20621.9   2.0 1 1 42   KH
	       2017.60 20322.6837    20322.6   2.0 1 1 259   KH
	function chebyshev
	order 4
	sample *
	naverage 1
	niterate 10
	low_reject 3.
	high_reject 3.
	grow 0.
	coefficients	8
		1.
		4.
		255.4664916992188
		2017.601928710938
		22150.07709330852
		-1825.2848585038
		-2.260806643007251
		0.152311028312939

# Mon 11:05:42 05-Jun-2017
begin	identify wrgnN20100401S0137[SCI,7][*,5]
	id	wrgnN20100401S0137[SCI,7]
	task	identify
	image	wrgnN20100401S0137[SCI,7][*,5]
	units	Angstroms
	features	19
	        255.78 23972.9638   23973.05   2.0 1 1 17   KH
	        314.63 23851.6598   23851.54   2.0 1 1 766   KH
	        659.79 23139.3254   23139.51   2.0 1 1 14   KH
	        737.67  22978.391   22978.36   2.0 1 1 14   KH
	        949.49 22540.2747   22539.74   2.0 1 1 1769   KH
	       1084.66 22260.3965   22260.93   2.0 1 1 54   KH
	       1153.03 22118.7558   22118.65   2.0 1 1 54   KH
	       1170.16 22083.2579   22083.21   2.0 1 1 11   KH
	       1188.36 22045.5434   22045.57   2.0 1 1 11   KH
	       1366.67 21675.7957   21675.89   2.0 1 1 54   KH
	       1432.07 21540.0836   21540.08   2.0 1 1 68   KH
	       1529.08 21338.6962    21338.7   2.0 1 1 11   KH
	       1672.10 21041.5975   21041.57   2.0 1 1 12   KH
	       1696.07 20991.7764   20991.83   2.0 1 1 12   KH
	       1780.22 20816.8433   20816.71   2.0 1 1 1321   KH
	       1817.45 20739.4162 20739.3008   2.0 1 1 12   KH
	       1859.07 20652.8418    20652.8   2.0 1 1 12   KH
	       1874.00 20621.7813    20621.9   2.0 1 1 42   KH
	       2017.79 20322.5406    20322.6   2.0 1 1 259   KH
	function chebyshev
	order 4
	sample *
	naverage 1
	niterate 10
	low_reject 3.
	high_reject 3.
	grow 0.
	coefficients	8
		1.
		4.
		255.7776489257812
		2017.789916992188
		22150.08343690158
		-1825.258545987117
		-2.331246258351637
		0.04691176452539606

# Mon 11:05:42 05-Jun-2017
begin	identify wrgnN20100401S0137[SCI,7][*,45]
	id	wrgnN20100401S0137[SCI,7]
	task	identify
	image	wrgnN20100401S0137[SCI,7][*,45]
	units	Angstroms
	features	22
	        231.09 24021.0038   24019.77   2.0 1 1 17   KH
	        254.65  23972.456   23973.05   2.0 1 1 766   KH
	        284.61 23910.7141    23911.2   2.0 1 1 14   KH
	        313.45 23851.2566   23851.54   2.0 1 1 14   KH
	        658.67 23138.9411   23139.51   2.0 1 1 1769   KH
	        736.31 22978.5577   22978.36   2.0 1 1 54   KH
	        948.00  22540.882   22539.74   2.0 1 1 54   KH
	       1083.18 22261.0936   22260.93   2.0 1 1 11   KH
	       1105.09 22215.7428   22215.73   2.0 1 1 11   KH
	       1151.94 22118.7098   22118.65   2.0 1 1 54   KH
	       1169.09 22083.1865   22083.21   2.0 1 1 68   KH
	       1187.25 22045.5601   22045.57   2.0 1 1 11   KH
	       1366.35 21674.3002   21675.89   2.0 1 1 12   KH
	       1431.02 21540.1309   21540.08   2.0 1 1 12   KH
	       1528.03 21338.7977    21338.7   2.0 1 1 1321   KH
	       1670.96 21041.9069   21041.57   2.0 1 1 12   KH
	       1695.03  20991.877   20991.83   2.0 1 1 12   KH
	       1779.17 20816.9386   20816.71   2.0 1 1 42   KH
	       1816.37 20739.5778 20739.3008   2.0 1 1 259   KH
	       1858.04  20652.896    20652.8   2.0 1 1 12   KH
	       1873.00 20621.7518    20621.9   2.0 1 1 12   KH
	       2016.81   20322.36    20322.6   2.0 1 1 2 NOAO
	function chebyshev
	order 4
	sample *
	naverage 1
	niterate 10
	low_reject 3.
	high_reject 3.
	grow 0.
	coefficients	8
		1.
		4.
		231.0932464599609
		2016.80859375
		22174.17951038963
		-1849.265754805961
		-2.497605010622264
		-0.05615422059517176

# Mon 11:05:42 05-Jun-2017
begin	identify wrgnN20100401S0137[SCI,7][*,55]
	id	wrgnN20100401S0137[SCI,7]
	task	identify
	image	wrgnN20100401S0137[SCI,7][*,55]
	units	Angstroms
	features	20
	        231.69 24019.5598   24019.77   2.0 1 1 17   KH
	        254.23  23973.115   23973.05   2.0 1 1 766   KH
	        313.12  23851.713   23851.54   2.0 1 1 14   KH
	        658.26 23139.3827   23139.51   2.0 1 1 14   KH
	        736.08 22978.5826   22978.36   2.0 1 1 1769   KH
	        948.31 22539.6908   22539.74   2.0 1 1 54   KH
	       1083.73 22259.3736   22260.93   2.0 1 0 54   KH
	       1151.65 22118.6972   22118.65   2.0 1 1 11   KH
	       1168.88 22083.0028   22083.21   2.0 1 1 11   KH
	       1187.00 22045.4499   22045.57   2.0 1 1 54   KH
	       1365.10 21676.2406   21675.89   2.0 1 1 68   KH
	       1430.80 21539.9472   21540.08   2.0 1 1 11   KH
	       1527.81 21338.5846    21338.7   2.0 1 1 12   KH
	       1670.77  21041.671   21041.57   2.0 1 1 12   KH
	       1694.81 20991.7094   20991.83   2.0 1 1 1321   KH
	       1778.94 20816.8271   20816.71   2.0 1 1 12   KH
	       1816.11   20739.54 20739.3008   2.0 1 1 12   KH
	       1857.80 20652.8191    20652.8   2.0 1 1 42   KH
	       1872.76 20621.7026    20621.9   2.0 1 1 259   KH
	       2016.50 20322.5454    20322.6   2.0 1 1 12   KH
	function chebyshev
	order 4
	sample *
	naverage 1
	niterate 10
	low_reject 3.
	high_reject 3.
	grow 0.
	coefficients	8
		1.
		4.
		231.6942443847656
		2016.498413085937
		22173.41229824007
		-1848.485404682873
		-2.35967600982034
		-0.02181604944591624

# Mon 11:05:42 05-Jun-2017
begin	identify wrgnN20100401S0137[SCI,7][*,65]
	id	wrgnN20100401S0137[SCI,7]
	task	identify
	image	wrgnN20100401S0137[SCI,7][*,65]
	units	Angstroms
	features	20
	        232.40  24018.407   24019.77   2.0 1 1 17   KH
	        253.99 23973.8228   23973.05   2.0 1 1 766   KH
	        312.89  23852.223   23851.54   2.0 1 1 14   KH
	        658.02 23139.3237   23139.51   2.0 1 1 14   KH
	        735.64 22978.8869   22978.36   2.0 1 1 1769   KH
	        946.39 22543.0727   22539.74   2.0 1 0 54   KH
	       1082.92 22260.5001   22260.93   2.0 1 1 54   KH
	       1151.32 22118.8764   22118.65   2.0 1 1 11   KH
	       1168.56 22083.1642   22083.21   2.0 1 1 11   KH
	       1186.77 22045.4392   22045.57   2.0 1 1 54   KH
	       1365.63 21674.7432   21675.89   2.0 1 1 68   KH
	       1430.43 21540.3347   21540.08   2.0 1 1 11   KH
	       1527.47 21338.9391    21338.7   2.0 1 1 12   KH
	       1670.32 21042.2044   21041.57   2.0 1 1 12   KH
	       1694.47 20992.0072   20991.83   2.0 1 1 1321   KH
	       1778.73 20816.8056   20816.71   2.0 1 1 12   KH
	       1815.91 20739.4484 20739.3008   2.0 1 1 12   KH
	       1857.53 20652.8216    20652.8   2.0 1 1 42   KH
	       1872.43 20621.7948    20621.9   2.0 1 1 259   KH
	       2016.23 20322.2283    20322.6   2.0 1 1 12   KH
	function chebyshev
	order 4
	sample *
	naverage 1
	niterate 10
	low_reject 3.
	high_reject 3.
	grow 0.
	coefficients	8
		1.
		4.
		232.3995819091797
		2016.227416992188
		22172.55855668755
		-1847.798527987905
		-2.240889643034195
		-0.2908389240291047

