# Mon 11:05:42 05-Jun-2017
begin	identify wrgnN20100401S0137[SCI,5][*,35]
	id	wrgnN20100401S0137[SCI,5]
	task	identify
	image	wrgnN20100401S0137[SCI,5][*,35]
	units	Angstrom
	features	26
	        232.02 24020.1349   24019.77   2.0 1 1 17   KH
	        255.01 23972.7816   23973.05   2.0 1 1 17   KH
	        285.57 23909.8076    23911.2   2.0 1 0 14   KH
	        313.88 23851.4734   23851.54   2.0 1 1 14   KH
	        343.85 23789.7096   23787.79   2.0 1 0 10   KH
	        659.05 23139.2937 23139.5098   2.0 1 1 17   KH
	        737.00 22978.2568   22978.36   2.0 1 1 10   KH
	        948.99 22539.8753   22539.74   2.0 1 1 9   KH
	       1083.68  22261.068   22260.93   2.0 1 1 766   KH
	       1105.34 22216.2074   22215.73   2.0 1 1 10   KH
	       1152.35 22118.8197 22118.6504   2.0 1 1 14   KH
	       1169.59 22083.1081   22083.21   2.0 1 1 10   KH
	       1187.76 22045.4552   22045.57   2.0 1 1 1769   KH
	       1234.94 21947.6832   21947.81   2.0 1 1 10   KH
	       1322.53 21766.0678   21770.25   2.0 1 0 21   KH
	       1366.07  21675.765   21675.89   2.0 1 1 259   KH
	       1431.49 21540.0387   21540.08   2.0 1 1 10   KH
	       1528.51 21338.6559 21338.6992   2.0 1 1 21   KH
	       1574.94 21242.2391   21242.79   2.0 1 1 12   KH
	       1671.41 21041.8411 21041.5703   2.0 1 1 9   KH
	       1695.47 20991.8586   20991.83   2.0 1 1 11   KH
	       1779.66 20816.8511   20816.71   2.0 1 1 12   KH
	       1816.86  20739.492 20739.3008   2.0 1 1 10   KH
	       1858.52 20652.8605    20652.8   2.0 1 1 21   KH
	       1873.50 20621.7089    20621.9   2.0 1 1 
	       2017.25 20322.5724    20322.6   2.0 1 1 1321   KH
	function chebyshev
	order 4
	sample *
	naverage 1
	niterate 10
	low_reject 3.
	high_reject 3.
	grow 0.
	coefficients	8
		1.
		4.
		232.0206298828125
		2017.246459960938
		22173.79709961211
		-1848.830112311949
		-2.443460727723349
		0.04889353403688636

# Mon 11:05:42 05-Jun-2017
begin	identify wrgnN20100401S0137[SCI,5][*,25]
	id	wrgnN20100401S0137[SCI,5]
	task	identify
	image	wrgnN20100401S0137[SCI,5][*,25]
	units	Angstroms
	features	23
	        232.30 24020.2652   24019.77   2.0 1 1 17   KH
	        255.39 23972.6847   23973.05   2.0 1 1 17   KH
	        285.23 23911.2017    23911.2   2.0 1 1 14   KH
	        314.25  23851.378   23851.54   2.0 1 1 14   KH
	        659.45 23139.1085 23139.5098   2.0 1 1 10   KH
	        737.06 22978.7716   22978.36   2.0 1 1 17   KH
	       1083.94 22261.2566   22260.93   2.0 1 1 10   KH
	       1105.92 22215.7437   22215.73   2.0 1 1 9   KH
	       1152.81 22118.6134 22118.6504   2.0 1 1 766   KH
	       1169.98 22083.0539   22083.21   2.0 1 1 10   KH
	       1188.10 22045.5089   22045.57   2.0 1 1 14   KH
	       1322.82 21766.2704   21770.25   2.0 1 0 10   KH
	       1366.34  21676.022   21675.89   2.0 1 1 1769   KH
	       1431.92 21539.9856   21540.08   2.0 1 1 10   KH
	       1528.90 21338.6995 21338.6992   2.0 1 1 21   KH
	       1575.23 21242.4929   21242.79   2.0 1 1 259   KH
	       1671.99 21041.5004 21041.5703   2.0 1 1 10   KH
	       1695.92 20991.7675   20991.83   2.0 1 1 21   KH
	       1780.03 20816.9191   20816.71   2.0 1 1 12   KH
	       1817.22 20739.5791 20739.3008   2.0 1 1 9   KH
	       1858.92 20652.8451    20652.8   2.0 1 1 11   KH
	       1873.86 20621.7641    20621.9   2.0 1 1 12   KH
	       2017.63 20322.5291    20322.6   2.0 1 1 10   KH
	function chebyshev
	order 4
	sample *
	naverage 1
	niterate 10
	low_reject 3.
	high_reject 3.
	grow 0.
	coefficients	8
		1.
		4.
		232.2991333007812
		2017.625122070313
		22173.8495666775
		-1848.850431688715
		-2.452421291002194
		-0.01765616897411138

# Mon 11:05:42 05-Jun-2017
begin	identify wrgnN20100401S0137[SCI,5][*,15]
	id	wrgnN20100401S0137[SCI,5]
	task	identify
	image	wrgnN20100401S0137[SCI,5][*,15]
	units	Angstroms
	features	20
	        232.93 24019.4964   24019.77   2.0 1 1 17   KH
	        255.70 23972.6265   23973.05   2.0 1 1 17   KH
	        285.04 23912.2203    23911.2   2.0 1 1 14   KH
	        314.59 23851.3711   23851.54   2.0 1 1 14   KH
	        659.73  23139.418 23139.5098   2.0 1 1 10   KH
	        737.79 22978.1236   22978.36   2.0 1 1 17   KH
	       1084.31 22261.0504   22260.93   2.0 1 1 10   KH
	       1153.01 22118.7003 22118.6504   2.0 1 1 9   KH
	       1170.22 22083.0402   22083.21   2.0 1 1 766   KH
	       1188.40  22045.357   22045.57   2.0 1 1 10   KH
	       1366.02 21676.9921   21675.89   2.0 1 1 14   KH
	       1432.11 21539.8446   21540.08   2.0 1 1 10   KH
	       1529.12 21338.4659 21338.6992   2.0 1 1 1769   KH
	       1672.09 21041.5446 21041.5703   2.0 1 1 10   KH
	       1696.12 20991.6108   20991.83   2.0 1 1 21   KH
	       1780.38 20816.5156   20816.71   2.0 1 1 259   KH
	       1817.53 20739.3116 20739.3008   2.0 1 1 10   KH
	       1859.11 20652.8818    20652.8   2.0 1 1 21   KH
	       1874.05 20621.8347    20621.9   2.0 1 1 12   KH
	       2017.89  20322.765    20322.6   2.0 1 1 9   KH
	function chebyshev
	order 4
	sample *
	naverage 1
	niterate 10
	low_reject 3.
	high_reject 3.
	grow 0.
	coefficients	8
		1.
		4.
		232.9334869384766
		2017.885375976562
		22173.51463382825
		-1848.606118421453
		-2.383968209500771
		0.2404265162728297

# Mon 11:05:42 05-Jun-2017
begin	identify wrgnN20100401S0137[SCI,5][*,5]
	id	wrgnN20100401S0137[SCI,5]
	task	identify
	image	wrgnN20100401S0137[SCI,5][*,5]
	units	Angstroms
	features	20
	        233.21 24020.1305   24019.77   2.0 1 1 17   KH
	        256.03 23973.1135   23973.05   2.0 1 1 17   KH
	        286.37 23910.5975    23911.2   2.0 1 1 14   KH
	        314.94 23851.7206   23851.54   2.0 1 1 14   KH
	        660.06 23139.5257 23139.5098   2.0 1 1 10   KH
	        738.16 22978.1456   22978.36   2.0 1 1 17   KH
	       1084.65 22261.2372   22260.93   2.0 1 1 10   KH
	       1153.34  22118.919 22118.6504   2.0 1 1 9   KH
	       1170.66 22083.0418   22083.21   2.0 1 1 766   KH
	       1188.82 22045.4052   22045.57   2.0 1 1 10   KH
	       1366.96 21676.0229   21675.89   2.0 1 1 14   KH
	       1432.52 21539.9788   21540.08   2.0 1 1 10   KH
	       1529.46 21338.7519 21338.6992   2.0 1 1 1769   KH
	       1672.39 21041.8569 21041.5703   2.0 1 1 10   KH
	       1696.59 20991.5676   20991.83   2.0 1 1 21   KH
	       1780.84 20816.4287   20816.71   2.0 1 1 259   KH
	       1817.93 20739.3197 20739.3008   2.0 1 1 10   KH
	       1859.51 20652.8383    20652.8   2.0 1 1 21   KH
	       1874.44  20621.778    20621.9   2.0 1 1 12   KH
	       2018.13  20322.791    20322.6   2.0 1 1 9   KH
	function chebyshev
	order 4
	sample *
	naverage 1
	niterate 10
	low_reject 3.
	high_reject 3.
	grow 0.
	coefficients	8
		1.
		4.
		233.2115325927734
		2018.12646484375
		22173.85931382503
		-1848.736115122197
		-2.398555277342645
		0.06632473522205635

# Mon 11:05:42 05-Jun-2017
begin	identify wrgnN20100401S0137[SCI,5][*,45]
	id	wrgnN20100401S0137[SCI,5]
	task	identify
	image	wrgnN20100401S0137[SCI,5][*,45]
	units	Angstroms
	features	24
	        231.95 24019.8828   24019.77   2.0 1 1 17   KH
	        254.73 23972.9298   23973.05   2.0 1 1 17   KH
	        284.55  23911.446    23911.2   2.0 1 1 14   KH
	        313.58 23851.5625   23851.54   2.0 1 1 14   KH
	        658.77 23138.9158 23139.5098   2.0 1 1 10   KH
	        736.82 22977.5968   22978.36   2.0 1 1 17   KH
	        947.84 22541.0857   22539.74   2.0 1 1 10   KH
	       1083.32 22260.5698   22260.93   2.0 1 1 9   KH
	       1104.27 22217.1801   22215.73   2.0 1 1 766   KH
	       1152.02 22118.2617 22118.6504   2.0 1 1 10   KH
	       1169.19 22082.6874   22083.21   2.0 1 1 14   KH
	       1187.38 22045.0074   22045.57   2.0 1 1 10   KH
	       1321.85 21766.2677   21770.25   2.0 1 0 1769   KH
	       1364.91 21676.9651   21675.89   2.0 1 1 10   KH
	       1431.12  21539.644   21540.08   2.0 1 1 21   KH
	       1528.14 21338.3139 21338.6992   2.0 1 1 259   KH
	       1571.95 21247.3726   21242.79   2.0 1 0 10   KH
	       1671.14 21041.4319 21041.5703   2.0 1 1 21   KH
	       1695.13 20991.6004   20991.83   2.0 1 1 12   KH
	       1779.31 20816.7478   20816.71   2.0 1 1 9   KH
	       1816.58 20739.2999 20739.3008   2.0 1 1 11   KH
	       1858.16 20652.8863    20652.8   2.0 1 1 12   KH
	       1873.10 20621.8423    20621.9   2.0 1 1 10   KH
	       2016.94 20322.7829    20322.6   2.0 1 1 21   KH
	function chebyshev
	order 4
	sample *
	naverage 1
	niterate 10
	low_reject 3.
	high_reject 3.
	grow 0.
	coefficients	8
		1.
		4.
		231.9540710449218
		2016.941162109375
		22173.36094400115
		-1848.623758454843
		-2.028100631850955
		0.0738129803313755

# Mon 11:05:42 05-Jun-2017
begin	identify wrgnN20100401S0137[SCI,5][*,55]
	id	wrgnN20100401S0137[SCI,5]
	task	identify
	image	wrgnN20100401S0137[SCI,5][*,55]
	units	Angstroms
	features	21
	        232.45 24018.6515   24019.77   2.0 1 1 17   KH
	        254.23 23973.6395   23973.05   2.0 1 1 17   KH
	        284.24  23911.627    23911.2   2.0 1 1 14   KH
	        313.13 23851.9262   23851.54   2.0 1 1 14   KH
	        658.27 23138.7075 23139.5098   2.0 1 1 10   KH
	        947.48 22540.8327   22539.74   2.0 1 1 17   KH
	       1104.26 22216.4802   22215.73   2.0 1 1 10   KH
	       1151.72 22118.2491 22118.6504   2.0 1 1 9   KH
	       1168.92 22082.6428   22083.21   2.0 1 1 766   KH
	       1187.03 22045.1414   22045.57   2.0 1 1 10   KH
	       1365.34 21675.7856   21675.89   2.0 1 1 14   KH
	       1430.85 21539.9736   21540.08   2.0 1 1 10   KH
	       1527.86 21338.7309 21338.6992   2.0 1 1 1769   KH
	       1570.72  21249.777   21242.79   2.0 1 0 10   KH
	       1671.14 21041.2498 21041.5703   2.0 1 1 21   KH
	       1694.87 20991.9472   20991.83   2.0 1 1 259   KH
	       1779.01 20817.0169   20816.71   2.0 1 1 10   KH
	       1816.17 20739.7386 20739.3008   2.0 1 1 21   KH
	       1857.88 20652.9475    20652.8   2.0 1 1 12   KH
	       1872.85 20621.7843    20621.9   2.0 1 1 9   KH
	       2016.62 20322.2782    20322.6   2.0 1 1 11   KH
	function chebyshev
	order 4
	sample *
	naverage 1
	niterate 10
	low_reject 3.
	high_reject 3.
	grow 0.
	coefficients	8
		1.
		4.
		232.4518890380859
		2016.615600585937
		22172.4910986966
		-1847.734551390574
		-2.026258470250993
		-0.452068703786732

# Mon 11:05:42 05-Jun-2017
begin	identify wrgnN20100401S0137[SCI,5][*,65]
	id	wrgnN20100401S0137[SCI,5]
	task	identify
	image	wrgnN20100401S0137[SCI,5][*,65]
	units	Angstroms
	features	18
	        231.09 24020.0285   24019.77   2.0 1 1 17   KH
	        254.01 23972.8179   23973.05   2.0 1 1 17   KH
	        285.99  23906.949    23911.2   2.0 1 0 14   KH
	        312.91 23851.4877   23851.54   2.0 1 1 14   KH
	        658.04 23139.5179 23139.5098   2.0 1 1 10   KH
	       1103.53 22218.0389   22215.73   2.0 1 0 17   KH
	       1151.34 22118.9774 22118.6504   2.0 1 1 10   KH
	       1168.66 22083.0948   22083.21   2.0 1 1 9   KH
	       1186.84  22045.422   22045.57   2.0 1 1 766   KH
	       1430.55 21539.9993   21540.08   2.0 1 1 10   KH
	       1527.58 21338.5792 21338.6992   2.0 1 1 14   KH
	       1670.39  21041.958 21041.5703   2.0 1 1 10   KH
	       1694.60 20991.6483   20991.83   2.0 1 1 1769   KH
	       1778.71 20816.8097   20816.71   2.0 1 1 10   KH
	       1815.92 20739.4577 20739.3008   2.0 1 1 21   KH
	       1857.69 20652.5967    20652.8   2.0 1 1 259   KH
	       1872.54 20621.6957    20621.9   2.0 1 1 10   KH
	       2016.26 20322.6998    20322.6   2.0 1 1 21   KH
	function chebyshev
	order 4
	sample *
	naverage 1
	niterate 10
	low_reject 3.
	high_reject 3.
	grow 0.
	coefficients	8
		1.
		4.
		231.0852966308594
		2016.256225585938
		22173.83693647981
		-1848.779952864275
		-2.472792911487801
		0.1156246093586219

