# Mon 11:05:43 05-Jun-2017
begin	identify wrgnN20100401S0137[SCI,11][*,35]
	id	wrgnN20100401S0137[SCI,11]
	task	identify
	image	wrgnN20100401S0137[SCI,11][*,35]
	units	Angstrom
	features	23
	        229.50  24019.471   24019.77   2.0 1 1 17   KH
	        252.08  23972.934   23973.05   2.0 1 1 766   KH
	        281.80 23911.6931    23911.2   2.0 1 1 14   KH
	        310.98 23851.5314   23851.54   2.0 1 1 1769   KH
	        656.09 23139.3214   23139.51   2.0 1 1 14   KH
	        733.90 22978.5397   22978.36   2.0 1 1 54   KH
	        946.80 22538.1966   22539.74   2.0 1 0 9   KH
	       1080.75 22260.8835   22260.93   2.0 1 1 9   KH
	       1101.96 22216.9483   22215.73   2.0 1 0 10   KH
	       1149.40 22118.6777 22118.6504   2.0 1 1 412   KH
	       1166.58 22083.0647   22083.21   2.0 1 1 10   KH
	       1184.71 22045.4937   22045.57   2.0 1 1 9   KH
	       1362.81 21676.2262   21675.89   2.0 1 1 54   KH
	       1428.48 21539.9618   21540.08   2.0 1 1 10   KH
	       1525.49  21338.597 21338.6992   2.0 1 1 12   KH
	       1573.57 21238.7521   21242.79   2.0 1 0 12   KH
	       1668.42 21041.6986 21041.5703   2.0 1 1 9   KH
	       1692.48 20991.7104   20991.83   2.0 1 1 11   KH
	       1776.63 20816.7842 20816.7109   2.0 1 1 12   KH
	       1813.81 20739.4672 20739.3008   2.0 1 1 259   KH
	       1855.49 20652.7919    20652.8   2.0 1 1 12   KH
	       1870.42 20621.7297    20621.9   2.0 1 1 
	       2014.17 20322.5945    20322.6   2.0 1 1 1321   KH
	function chebyshev
	order 4
	sample *
	naverage 1
	niterate 10
	low_reject 3.
	high_reject 3.
	grow 0.
	coefficients	8
		1.
		4.
		229.496337890625
		2014.165527343751
		22173.41018802686
		-1848.478083464507
		-2.377465193213881
		0.03984830382694301

# Mon 11:05:43 05-Jun-2017
begin	identify wrgnN20100401S0137[SCI,11][*,25]
	id	wrgnN20100401S0137[SCI,11]
	task	identify
	image	wrgnN20100401S0137[SCI,11][*,25]
	units	Angstroms
	features	23
	        229.77 24019.4338   24019.77   2.0 1 1 17   KH
	        252.21 23973.1255   23973.05   2.0 1 1 766   KH
	        281.97 23911.7163    23911.2   2.0 1 1 14   KH
	        311.11 23851.5963   23851.54   2.0 1 1 1769   KH
	        656.21 23139.0183   23139.51   2.0 1 1 14   KH
	        734.21 22977.8341   22978.36   2.0 1 1 54   KH
	        946.08 22539.7475   22539.74   2.0 1 1 9   KH
	       1080.58 22261.3908   22260.93   2.0 1 1 9   KH
	       1102.22 22216.6041   22215.73   2.0 1 1 10   KH
	       1149.55 22118.5843 22118.6504   2.0 1 1 412   KH
	       1166.79 22082.8813   22083.21   2.0 1 1 10   KH
	       1184.92 22045.3368   22045.57   2.0 1 1 9   KH
	       1362.55 21677.1812   21675.89   2.0 1 1 54   KH
	       1428.69 21540.0048   21540.08   2.0 1 1 10   KH
	       1525.71 21338.6791 21338.6992   2.0 1 1 12   KH
	       1572.62 21241.2809   21242.79   2.0 1 1 12   KH
	       1668.99  21041.112 21041.5703   2.0 1 1 9   KH
	       1692.69 20991.8512   20991.83   2.0 1 1 11   KH
	       1776.84  20816.901 20816.7109   2.0 1 1 12   KH
	       1813.96 20739.7021 20739.3008   2.0 1 1 259   KH
	       1855.68 20652.9054    20652.8   2.0 1 1 12   KH
	       1870.58  20621.894    20621.9   2.0 1 1 
	       2014.29 20322.6507    20322.6   2.0 1 1 1321   KH
	function chebyshev
	order 4
	sample *
	naverage 1
	niterate 10
	low_reject 3.
	high_reject 3.
	grow 0.
	coefficients	8
		1.
		4.
		229.76611328125
		2014.285400390625
		22173.31399730146
		-1848.190269394407
		-2.271705478884974
		-0.2012831447854281

# Mon 11:05:43 05-Jun-2017
begin	identify wrgnN20100401S0137[SCI,11][*,15]
	id	wrgnN20100401S0137[SCI,11]
	task	identify
	image	wrgnN20100401S0137[SCI,11][*,15]
	units	Angstroms
	features	22
	        229.90 24019.6501   24019.77   2.0 1 1 17   KH
	        252.38   23973.28   23973.05   2.0 1 1 766   KH
	        282.61  23910.918    23911.2   2.0 1 1 14   KH
	        311.23 23851.8534   23851.54   2.0 1 1 1769   KH
	        656.36  23139.191   23139.51   2.0 1 1 14   KH
	        734.34 22978.0146   22978.36   2.0 1 1 54   KH
	        945.83 22540.6286   22539.74   2.0 1 1 9   KH
	       1080.07 22262.7801   22260.93   2.0 1 0 9   KH
	       1149.72 22118.5231 22118.6504   2.0 1 1 10   KH
	       1166.89 22082.9569   22083.21   2.0 1 1 412   KH
	       1185.00 22045.4359   22045.57   2.0 1 1 10   KH
	       1363.02 21676.4336   21675.89   2.0 1 1 9   KH
	       1428.82 21539.9303   21540.08   2.0 1 1 54   KH
	       1525.83 21338.6035 21338.6992   2.0 1 1 10   KH
	       1574.98 21236.5458   21242.79   2.0 1 0 12   KH
	       1669.06 21041.1073 21041.5703   2.0 1 1 12   KH
	       1692.82 20991.7459   20991.83   2.0 1 1 9   KH
	       1776.95 20816.8522 20816.7109   2.0 1 1 11   KH
	       1814.05  20739.681 20739.3008   2.0 1 1 12   KH
	       1855.80 20652.8311    20652.8   2.0 1 1 259   KH
	       1870.74 20621.7435    20621.9   2.0 1 1 12   KH
	       2014.42 20322.6015    20322.6   2.0 1 1 
	function chebyshev
	order 4
	sample *
	naverage 1
	niterate 10
	low_reject 3.
	high_reject 3.
	grow 0.
	coefficients	8
		1.
		4.
		229.9039611816406
		2014.423583984376
		22173.36342599862
		-1848.380769864492
		-2.237644270037506
		-0.1435014441840114

# Mon 11:05:43 05-Jun-2017
begin	identify wrgnN20100401S0137[SCI,11][*,5]
	id	wrgnN20100401S0137[SCI,11]
	task	identify
	image	wrgnN20100401S0137[SCI,11][*,5]
	units	Angstroms
	features	20
	        229.91 24019.5835   24019.77   2.0 1 1 17   KH
	        252.57 23972.9251   23973.05   2.0 1 1 766   KH
	        311.39 23851.7929   23851.54   2.0 1 1 14   KH
	        656.56 23139.6978   23139.51   2.0 1 1 1769   KH
	        734.31 22979.0341   22978.36   2.0 1 1 14   KH
	        947.21 22538.6304   22539.74   2.0 1 1 54   KH
	       1081.59 22260.3247   22260.93   2.0 1 1 9   KH
	       1166.97 22083.3844   22083.21   2.0 1 1 9   KH
	       1185.09 22045.8194   22045.57   2.0 1 1 10   KH
	       1363.03  21676.737   21675.89   2.0 1 1 412   KH
	       1428.91 21540.0128   21540.08   2.0 1 1 10   KH
	       1525.91 21338.5957 21338.6992   2.0 1 1 9   KH
	       1575.26 21236.0994   21242.79   2.0 1 0 54   KH
	       1668.91 21041.5129 21041.5703   2.0 1 1 10   KH
	       1692.91 20991.6347   20991.83   2.0 1 1 12   KH
	       1777.01 20816.8068 20816.7109   2.0 1 1 12   KH
	       1814.22 20739.4425 20739.3008   2.0 1 1 9   KH
	       1855.89 20652.7918    20652.8   2.0 1 1 11   KH
	       1870.84  20621.688    20621.9   2.0 1 1 12   KH
	       2014.59 20322.6469    20322.6   2.0 1 1 259   KH
	function chebyshev
	order 4
	sample *
	naverage 1
	niterate 10
	low_reject 3.
	high_reject 3.
	grow 0.
	coefficients	8
		1.
		4.
		229.9081878662109
		2014.593139648437
		22173.59512433271
		-1848.672736030064
		-2.479949137265182
		0.2044319647155051

# Mon 11:05:43 05-Jun-2017
begin	identify wrgnN20100401S0137[SCI,11][*,45]
	id	wrgnN20100401S0137[SCI,11]
	task	identify
	image	wrgnN20100401S0137[SCI,11][*,45]
	units	Angstroms
	features	21
	        229.11 24019.8799   24019.77   2.0 1 1 17   KH
	        251.92 23972.8981   23973.05   2.0 1 1 766   KH
	        281.18 23912.6206    23911.2   2.0 1 0 14   KH
	        310.81 23851.5737   23851.54   2.0 1 1 1769   KH
	        655.92 23139.4406   23139.51   2.0 1 1 14   KH
	        733.79 22978.5135   22978.36   2.0 1 1 54   KH
	       1080.59 22260.8199   22260.93   2.0 1 1 9   KH
	       1102.44  22215.554   22215.73   2.0 1 1 9   KH
	       1149.09 22118.8858 22118.6504   2.0 1 1 10   KH
	       1166.31 22083.1994   22083.21   2.0 1 1 412   KH
	       1184.53 22045.4341   22045.57   2.0 1 1 10   KH
	       1362.61 21676.1284   21675.89   2.0 1 1 9   KH
	       1428.20 21540.0026   21540.08   2.0 1 1 54   KH
	       1525.21 21338.6086 21338.6992   2.0 1 1 10   KH
	       1668.09 21041.8388 21041.5703   2.0 1 1 12   KH
	       1692.21 20991.7144   20991.83   2.0 1 1 12   KH
	       1776.43 20816.6596 20816.7109   2.0 1 1 9   KH
	       1813.68 20739.2253 20739.3008   2.0 1 1 11   KH
	       1855.21 20652.8716    20652.8   2.0 1 1 12   KH
	       1870.15 20621.8137    20621.9   2.0 1 1 259   KH
	       2013.97 20322.6394    20322.6   2.0 1 1 12   KH
	function chebyshev
	order 4
	sample *
	naverage 1
	niterate 10
	low_reject 3.
	high_reject 3.
	grow 0.
	coefficients	8
		1.
		4.
		229.1104278564453
		2013.970947265625
		22173.62037267716
		-1848.771434676154
		-2.360724872321803
		0.1511968676162742

# Mon 11:05:43 05-Jun-2017
begin	identify wrgnN20100401S0137[SCI,11][*,55]
	id	wrgnN20100401S0137[SCI,11]
	task	identify
	image	wrgnN20100401S0137[SCI,11][*,55]
	units	Angstroms
	features	19
	        228.98 24019.6515   24019.77   2.0 1 1 17   KH
	        251.73 23972.7729   23973.05   2.0 1 1 766   KH
	        281.38 23911.6697    23911.2   2.0 1 1 14   KH
	        310.56 23851.5394   23851.54   2.0 1 1 1769   KH
	        655.72 23139.2552   23139.51   2.0 1 1 14   KH
	        733.50 22978.5319   22978.36   2.0 1 1 54   KH
	       1102.65 22214.6543   22215.73   2.0 1 0 9   KH
	       1148.94 22118.7427 22118.6504   2.0 1 1 9   KH
	       1166.11 22083.1801   22083.21   2.0 1 1 10   KH
	       1184.24 22045.5936   22045.57   2.0 1 1 412   KH
	       1428.04 21539.9965   21540.08   2.0 1 1 10   KH
	       1525.05 21338.6298 21338.6992   2.0 1 1 9   KH
	       1668.10 21041.5013 21041.5703   2.0 1 1 54   KH
	       1692.05 20991.7503   20991.83   2.0 1 1 10   KH
	       1776.18  20816.874 20816.7109   2.0 1 1 12   KH
	       1813.41 20739.4775 20739.3008   2.0 1 1 12   KH
	       1855.05 20652.8866    20652.8   2.0 1 1 9   KH
	       1870.01 20621.7851    20621.9   2.0 1 1 11   KH
	       2013.86 20322.5137    20322.6   2.0 1 1 12   KH
	function chebyshev
	order 4
	sample *
	naverage 1
	niterate 10
	low_reject 3.
	high_reject 3.
	grow 0.
	coefficients	8
		1.
		4.
		228.9751739501953
		2013.857666015625
		22173.42958221275
		-1848.652861720426
		-2.346972336710692
		0.08394036392195097

# Mon 11:05:43 05-Jun-2017
begin	identify wrgnN20100401S0137[SCI,11][*,65]
	id	wrgnN20100401S0137[SCI,11]
	task	identify
	image	wrgnN20100401S0137[SCI,11][*,65]
	units	Angstroms
	features	17
	        251.45 23972.8319   23973.05   2.0 1 1 17   KH
	        281.29 23911.3518    23911.2   2.0 1 1 766   KH
	        310.28  23851.601   23851.54   2.0 1 1 14   KH
	        655.44 23139.3975   23139.51   2.0 1 1 1769   KH
	        733.26 22978.5981   22978.36   2.0 1 1 14   KH
	       1148.84 22118.6116 22118.6504   2.0 1 1 54   KH
	       1165.98 22083.0976   22083.21   2.0 1 1 9   KH
	       1184.09 22045.5826   22045.57   2.0 1 1 9   KH
	       1427.91 21539.9491   21540.08   2.0 1 1 10   KH
	       1524.93 21338.5748 21338.6992   2.0 1 1 412   KH
	       1667.78 21041.8689 21041.5703   2.0 1 1 10   KH
	       1691.92  20991.696   20991.83   2.0 1 1 9   KH
	       1776.02  20816.899 20816.7109   2.0 1 1 54   KH
	       1813.23 20739.5314 20739.3008   2.0 1 1 10   KH
	       1854.94 20652.7874    20652.8   2.0 1 1 12   KH
	       1869.89 20621.7056    20621.9   2.0 1 1 12   KH
	       2013.69 20322.4973    20322.6   2.0 1 1 9   KH
	function chebyshev
	order 4
	sample *
	naverage 1
	niterate 10
	low_reject 3.
	high_reject 3.
	grow 0.
	coefficients	8
		1.
		4.
		251.4471588134766
		2013.692138671875
		22149.99615020071
		-1825.233617499986
		-2.331536531107337
		0.06633371996557966

